CustomerID	Savg	categ_-1	categ_0	categ_1	categ_2	categ_3	categ_4
12347.0	2.7779352558131514	44.678881999660945	13.807420912064611	3.768540468733064	20.64498736871945	15.768951784359444	1.331217466462491
12348.0	2.4174384762938805	37.19341186069043	44.66880832186018	0.0	7.490693998266279	10.647085819183113	0.0
12349.0	3.163623461785521	38.14757641247299	23.022194778909817	7.279338616170971	14.54358341051765	7.72460635998765	9.282700421940929
12350.0	2.4689378056654614	68.88586956521738	12.364130434782608	0.0	0.0	6.725543478260869	12.024456521739129
12352.0	2.3240800117986447	40.93376850190848	32.037047281118376	4.362222520764022	21.493429007199254	1.1735326890098863	0.0
12353.0	1.9493900066449128	13.03370786516854	0.0	0.0	42.24719101123595	44.7191011235955	0.0
12354.0	3.033182413729195	39.87400407633871	6.526774133778026	1.3757643135075044	9.885121363720586	0.9338521400778211	41.40448397257737
12355.0	2.662190990859007	41.14061819764911	26.1210274270788	0.0	28.406617326948197	4.331737048323901	0.0
12356.0	2.9186296131738843	38.901597230876845	12.103657188342986	4.896620206397767	40.674913464901515	0.4985064906349123	2.9247054188459574
12357.0	3.7929286217507223	36.98746872820239	19.2302425869932	2.3970346361839483	9.548832331615571	6.721362443557732	25.115059273447216
12358.0	2.666546059031787	3.3295261082257612	84.62814904208781	0.0	12.042324849686443	0.0	0.0
12359.0	3.1979714327027784	35.19872330242487	38.31011896932344	2.5594173086340315	17.782007375559232	4.2796943913103425	1.870038652748085
12360.0	2.88499538400475	51.65503939949437	10.287307889455533	0.0	11.591791699608178	5.186658905502029	21.279202105939905
12361.0	2.2427898094786767	90.56603773584906	0.0	0.0	0.0	0.0	9.433962264150942
12362.0	2.6693010708432516	55.348481636376455	14.294738780640836	1.785932250210393	11.606846501906919	10.171462344453651	6.79253848641171
12363.0	2.4409090820652177	21.98913043478261	0.0	0.0	25.760869565217387	30.510869565217398	21.73913043478261
12364.0	2.4800428929991316	25.204039400711864	9.719394089893221	0.0	30.93286979554673	19.153215793394587	14.990480920453603
12365.0	2.5060854176380416	46.08812248588981	16.30546633820824	3.0870934547382216	25.86610121924601	8.653216501917742	0.0
12367.0	2.17868923977559	68.19085487077535	8.946322067594432	0.0	0.0	13.916500994035786	8.946322067594432
12370.0	2.923676542906503	35.498041927196645	52.77438352000095	0.4649305286498536	8.878384902871243	0.0	2.3842591212813007
12371.0	3.1841119851253654	41.441529882981214	23.89984030995575	1.1584072881489043	11.95188355716118	0.0	21.548338961752922
12372.0	2.600624449588904	74.81187920136452	1.128724791812983	0.0	6.526537573994181	10.885923547707433	6.646934885120899
12373.0	2.511348515490213	53.943314849044974	11.46025878003697	0.0	6.099815157116451	12.014787430683919	16.481823783117683
12374.0	2.794439246784754	47.114443035333025	16.969803990817592	0.0	20.48705311993322	5.210858362897918	10.217841491018254
12375.0	2.275886960301226	51.841059602649	13.933774834437084	0.0	0.0	18.781456953642383	15.443708609271523
12377.0	2.737669627356642	47.56311745334796	25.51042810098793	1.8660812294182216	18.41931942919868	1.8660812294182216	4.774972557628979
12378.0	3.602994888945699	34.49142098777135	23.73859333137089	0.6286452694443472	13.95018734626878	10.868578213948934	16.32257485119567
12379.0	2.588434186638007	53.59929832707762	2.2830166776303065	3.908214990519676	7.081221220446543	6.493054211972295	26.63519457235357
12380.0	2.782393784678972	44.53943785175527	12.164749376949608	2.337470497945172	15.126920728184984	11.901500272326661	13.929921272838305
12381.0	2.6916148189730924	41.76470189380328	19.498104840623544	2.725774845573329	28.739295231250132	5.227792054569742	2.044331134179996
12383.0	2.4284749661474083	39.08504530032438	26.704820849334475	0.9507475485626934	8.938891167368853	6.845382349651394	17.475112784758213
12384.0	2.3276347515127846	42.03917511228161	20.65746466950408	0.0	23.441578291438383	4.1973334587438575	9.664448468032075
12386.0	2.155336037465062	0.0	0.0	100.0	0.0	0.0	0.0
12388.0	2.6659966391813747	29.575712240978763	32.99504434199074	7.73773132997202	24.39205080808153	4.662921752389719	0.636539526587213
12390.0	2.703153758064621	62.328658584898186	4.9916805324459235	0.0	4.611362015688139	16.81720941288329	11.251089454084461
12391.0	2.64311695556856	42.673884365191284	41.1886457717327	0.0	5.517900195605696	7.594504844652687	3.0250648228176322
12393.0	2.597311170063528	38.0986983444964	24.067989384557052	1.2511057753064576	20.368381144951346	4.170352584354859	12.04347276633388
12394.0	2.732586736712126	18.445505701169854	0.0	0.0	69.14519472826893	1.8325188804975567	10.576780690063673
12395.0	2.320179532262942	58.40940406476061	6.340662915757646	0.0	20.64148199180924	6.427259157193708	8.181191870478816
12397.0	3.0443241274781463	56.09327734886451	10.953090432976659	0.7855885141541379	19.51194184839045	7.263984830014899	5.392117025599351
12398.0	3.157051600346907	48.52541688143434	7.890447599013695	3.5440145995569985	19.029575247621306	10.388253486201467	10.622292186172215
12399.0	2.4123135176424073	30.805398345668266	4.829487737628791	1.915542011319112	32.36298553669037	20.131572582595656	9.955013786097808
12401.0	1.8407332346118068	15.800865800865802	47.40259740259741	0.0	36.7965367965368	0.0	0.0
12402.0	2.291368850451583	59.04907975460123	0.0	0.0	21.012269938650306	19.938650306748468	0.0
12403.0	2.592953571547866	2.5274444728108247	0.0	0.0	0.0	0.0	97.47255552718919
12405.0	3.143136635571481	40.74612159178358	21.892418673897243	4.3584893447162285	22.57280331417802	0.0	10.430167075424878
12406.0	3.214943141836623	33.2326449744723	10.966090070867942	1.0607330640859558	21.335975005715156	13.081155223653127	20.323401661205516
12407.0	2.479177828776893	42.488985614947715	7.476511492117417	1.7835341578640058	44.958596528478154	0.8758426668082171	2.4165295397844897
12408.0	2.7140110484215243	76.66975773733625	4.388547583169119	0.0	3.328696727328928	11.049418492330277	4.5635794598354
12409.0	3.7430281678160355	43.45556266331276	11.14267437195737	2.609751601955958	18.564799254046903	7.693002714199491	16.534209394527508
12410.0	2.415874408809005	38.89997697090658	32.227297152068786	0.0	19.171720273278574	3.59829584708682	6.102709756659247
12412.0	2.580879378060805	59.88905221895562	16.636917261654766	1.5224695506089874	8.028839423211535	3.307433851322973	10.615287694246115
12413.0	2.352921797650702	33.631590623382394	13.110996080751313	0.0	18.257783036308513	7.091621681579532	27.90800857797826
12414.0	2.168703680249077	47.568997084152706	1.7088221333152507	0.0	34.854546687461855	15.867634095070185	0.0
12415.0	3.7950544210293904	42.87244735201094	12.885912925828732	2.476671694882921	21.308805683754585	12.258024440016477	8.198137903506337
12417.0	2.565760774032434	48.23860760138751	14.306195874852639	5.062155798886326	21.19650337533677	8.07872501622268	3.117812333314081
12418.0	2.8251533809021487	58.31463699183346	2.2615094678273366	0.0	16.364533788028364	16.44530198330791	6.614017769002964
12420.0	2.7784334500919083	28.834590849281295	16.789087093389295	6.6290244674295025	28.52312663435433	13.927613717750129	5.296557237795432
12421.0	2.203468051862646	45.352403605408114	15.421569854782172	2.628943415122684	28.710252879318976	5.896344516775162	1.9904857285928894
12422.0	2.357655386386468	22.938732517994033	20.899408976534616	21.329510211247005	10.715957633565452	16.50915793785476	7.607232722804144
12423.0	2.3136804516581755	51.300836698164254	19.396689283880722	6.033107161192746	8.406527078216708	2.6016733963285184	12.261166382217043
12424.0	2.9447194954670812	39.691418317281475	19.643262765764124	0.0	28.203366345629654	11.618662547701252	0.843290023623478
12425.0	2.890532791927745	27.088265568708188	23.226968605249617	11.348430262480699	19.17138445702522	4.670612454966546	14.494338651569738
12426.0	2.708191368824399	71.99107160339123	7.273902061754745	17.79805376617783	0.0	0.0	2.936972568676209
12427.0	2.2898341214850313	48.807141757734335	15.507157149453594	0.0	17.869786055102356	3.809450515622595	14.006464522087118
12428.0	2.9007766472930405	35.70656613257934	18.736883443292495	3.7216462456801755	10.55843543826579	14.376688658498274	16.899780081683947
12429.0	2.875234946450165	63.44395575103291	13.243591452307966	5.909636145541784	13.433737616064684	2.8601892576302808	1.1088897774223643
12430.0	2.3352572564345317	47.541589648798514	36.21072088724584	0.0	16.247689463955638	0.0	0.0
12431.0	2.633844318877338	50.05916165609741	7.980925281151919	0.0	27.936455734212235	4.953671597400462	9.069785731137976
12432.0	3.0373587586563002	43.89101970032023	17.27333620839947	3.881339291449124	9.52740335648679	5.586651129075175	19.840250314269195
12433.0	3.2827919914180357	40.37491852431233	18.070029983053054	8.147047321079388	18.11956720114717	3.689427714769912	11.599009255638116
12434.0	2.598210330802737	43.403031755239994	16.02264988523722	0.0	13.014856105127755	17.11731026307161	10.442151991323433
12435.0	3.5927256651514874	53.03395066852792	42.794343215549645	1.7241621529804378	1.9494526743032152	0.49809128863879315	0.0
12436.0	2.632467415481234	48.06414768886506	0.0	0.0	22.307172326985388	29.628679984149564	0.0
12437.0	2.392834663142515	48.027728498159625	6.183374143602682	1.1579773396201387	25.4876433699614	8.286171052365312	10.857105596290877
12438.0	3.091112746791773	62.068224658978046	12.054239211950463	1.0215456959280054	14.36893203883495	4.8126152785941585	5.674443115714373
12442.0	2.158543410440671	40.81632653061224	0.0	0.0	12.078300708038316	26.280716368179924	20.824656393169512
12444.0	2.9143759527847575	20.648866955236027	53.15944471915641	5.811010617955771	17.488326094740717	2.4100494237950363	0.4823021891160474
12445.0	1.8887409606828927	77.51937984496124	22.480620155038757	0.0	0.0	0.0	0.0
12446.0	3.001002063315146	46.632279434506295	9.821312767507061	2.5441230756951447	16.23050752761122	8.759764942981715	16.01201225169858
12447.0	2.634970735172564	52.45776263644581	3.68490579155948	7.091705485642772	9.200676724837193	0.0	27.564949361514753
12448.0	2.562827966219992	50.54863866466	14.004651799151727	0.0	14.365850321521409	5.417977835545217	15.662881379121627
12449.0	2.9537947140695975	48.12348281145291	21.131777470671164	1.1928960122793213	12.414182393522214	8.616101593586725	8.521559718487664
12450.0	1.9953719060281623	7.731958762886598	17.768344451182532	5.03335354760461	12.613705275924803	41.69193450576107	15.16070345664039
12451.0	3.250103681719472	54.14447822684383	12.712964045732175	1.3830294416608948	12.870382030961872	6.10972933101854	12.77941692378271
12452.0	2.5422900064254077	52.2047221505006	39.73376940069426	0.0	2.9836187853228906	0.0	5.077889663482226
12453.0	2.8494746952901906	29.402197740033102	17.671017833656254	5.26099930701891	14.74352628378283	17.72617347155242	15.196085363956499
12455.0	2.6702198688662695	21.92096963066167	47.63532860940398	2.174489071995761	9.970682006615782	6.115750514988076	12.18278016633474
12456.0	2.930080932874214	36.14681916605648	21.456288250472806	14.00216923986546	21.14069125921633	3.0557306696842845	4.198301414704626
12457.0	2.606367927573454	62.16467093660077	17.928153717627403	0.0	13.100652866734738	2.592283177078499	4.2142393019586
12458.0	2.5951654147902294	44.9276098552197	31.181102362204722	2.0066040132080265	13.331216662433324	0.0	8.553467106934212
12461.0	2.7971844143146423	63.44435936702397	31.28190403266973	0.7274119448698314	4.546324655436447	0.0	0.0
12462.0	2.6709829710049373	30.974093153723913	21.4582066788255	7.532076920615623	32.341428556191936	6.094348275898847	1.5998464147441847
12463.0	2.4681921975361005	43.50788546930027	27.792238724714615	5.838819986729955	16.430187652052602	6.430868167202572	0.0
12464.0	2.077844640603975	0.0	100.0	0.0	0.0	0.0	0.0
12465.0	2.532875353273346	40.58106978994122	32.4396429147305	0.0	10.42231636347645	8.414078189360735	8.142892742491096
12468.0	2.5132442430839226	62.47162750751488	6.027237592785719	5.705171461873506	8.527084227961474	11.732409054659223	5.536470155205202
12471.0	2.7556366903350704	38.04776010239531	10.105247760102397	4.210934357286524	45.27189614189066	1.733991588955933	0.6301700493691718
12472.0	2.8647621714795957	50.18295430238433	12.108434557428085	4.9586532378815535	14.531668843610483	10.273657766228094	7.944631292467473
12473.0	2.9286126039729585	48.859649467443525	25.776440220487416	2.50503875816711	7.130088359977527	10.059836481002016	5.6689467129224
12474.0	2.5610138796089585	52.121001178503626	18.43839112885991	1.1907160783307995	11.456673200339509	6.7959356891192995	9.997282724846889
12475.0	2.8256727321935586	55.01957034868088	15.363470674355373	2.2408796199468166	9.658191161970779	3.495772207117034	14.22211598792913
12476.0	2.7600966403553544	43.76546298612849	33.391015483835105	4.480791148917244	8.621222861590638	5.954987073638563	3.7865204458899737
12477.0	3.3399301932109413	31.661264539645824	32.05754751052615	1.724870966119749	8.383659213407638	13.796529533405568	12.376128236895081
12478.0	2.7371846885205064	47.45325005952489	19.872158830747814	0.0	19.432590340482427	0.0	13.242000769244857
12479.0	2.675044735955893	31.804733727810653	1.6483516483516485	4.945054945054945	47.23161453930685	3.8038884192730347	10.566356720202874
12480.0	2.858180653080324	44.25446089762028	14.765233241961026	5.4414460620384455	13.296923028939952	10.647588221636175	11.594348547804119
12481.0	2.7337007066280745	42.68824053431556	22.9274270601105	4.503094839165294	9.090426538534325	14.102865899534272	6.687945128340049
12483.0	2.378166154832776	35.11287402275272	35.86536750777088	1.588713644308156	12.503532219070843	5.88703178473872	9.042480821358675
12484.0	2.989318530537605	41.748274324719056	21.723010541095924	2.162538882141631	13.330617348481354	9.90335193526732	11.132206968294723
12488.0	2.6179294780053093	38.38156605016631	25.910690469686504	1.4220751048479106	18.77621197756817	5.640094483634084	9.869361914097025
12489.0	2.4755695021274766	47.15150704178235	29.254340481049073	0.0	4.9677181948951254	0.0	18.62643428227344
12490.0	2.6866300139469295	51.39415588290366	5.722716170809044	0.30864642083322186	10.960651696629373	8.26966643552479	23.3441633932999
12491.0	2.627775375229303	70.60556079170593	17.766258246936854	0.0	2.4505183788878413	0.0	9.177662582469369
12492.0	2.0553974460283735	56.7800712996787	13.863826416090841	0.0	7.790150081422471	17.82491967783108	3.7410325249768936
12493.0	2.258625311928395	59.27396014223104	0.0	8.186554204911934	4.065712946883872	19.377601367182116	9.096171338791038
12494.0	2.285377253249845	50.50176238855484	10.81899232842629	1.3933236574746009	14.853825419863156	11.217084801990463	11.21501140369065
12497.0	2.9791384695468097	37.77148253068933	0.0	0.0	0.0	34.1517154548316	28.076802014479068
12498.0	2.0665743775895824	38.61881612810982	46.81155275950816	0.0	0.0	6.076637117529312	8.492993994852732
12500.0	2.606909936602895	34.03404764494724	60.87339180997399	0.0	3.908606350681844	0.0	1.183954194396923
12501.0	3.3065086613975345	33.25334873777398	16.26847175111954	4.438651321473891	15.528367376159661	8.682772206834242	21.828388606638732
12502.0	2.7775529597289337	41.66903103272171	21.074011889701488	7.6071391615791075	22.5366921795672	2.112908771074846	5.000216965355638
12504.0	1.6658154279909352	35.24015110631408	0.0	0.0	0.0	0.0	64.75984889368591
12506.0	1.866287339084195	36.5986394557823	9.727891156462581	13.469387755102035	39.04761904761903	0.0	1.1564625850340131
12507.0	2.547208400174844	33.159357803369836	4.742724229874624	13.384769576974717	45.90495641156559	0.0	2.808191978215238
12508.0	2.2987221136057077	37.265004523977076	30.227706846285308	6.01688951442646	8.570423243188902	0.0	17.91997587212225
12509.0	2.2000292665537704	21.451104100946374	0.0	0.0	67.82334384858044	5.3627760252365935	5.3627760252365935
12510.0	2.6098984156416383	48.009379181654104	24.147709834636675	0.0	7.243085308813238	4.910566311059822	15.68925936383613
12512.0	1.8201357518704302	7.792404297170521	42.46482069904674	2.2318051142381594	14.374338023906791	1.891360266303525	31.245271599334227
12513.0	2.7265560649130416	36.909476529214125	1.4639914412808046	3.265827061318718	24.200904671634223	16.291597064509467	17.868203232042642
12514.0	3.0076112396102723	34.71425202421192	46.09503969813692	0.0	5.699237481330083	4.127034038204544	9.364436758116499
12516.0	2.7730766638615685	27.11498575114244	9.54083267288333	0.0	10.994384769741835	17.048041414430973	35.30175539180143
12517.0	2.7527492868334873	45.01623484195876	14.833565259647024	2.4738806794336576	15.2271773463212	4.7869591147041275	17.66218275793519
12518.0	2.566057834238463	69.0627902807881	12.558056157619413	0.0	7.670202999636045	4.905236054299822	5.803714507656623
12519.0	2.4422288405687183	30.667533593411356	25.697153590521605	0.0	36.410923276983105	0.0	7.224389539083948
12520.0	2.6714061323048126	54.31921440931522	13.283267839028918	2.0969543017397894	14.40633177908671	6.057725912729191	9.83650575810012
12521.0	2.7369380365230915	48.44964081512974	27.538117578067727	4.156282070077701	5.928382935053509	13.927576601671307	0.0
12522.0	1.8940944273226987	22.358346094946402	43.68300153139357	0.0	11.625829504849412	0.0	22.332822868810617
12523.0	2.188997474756191	31.115974514198978	23.091947734105204	10.098425081040375	20.23097242568112	5.815492684304347	9.647187560669973
12524.0	2.6930362761924838	53.69818436178948	9.752846121873826	1.2134667437121742	23.90362215261093	4.237249475380919	7.194631144632664
12526.0	2.5920508566899834	37.83620145651767	18.632851807002883	5.52589838486859	22.715876724711343	8.573670117510618	6.715501509388912
12527.0	2.0423260725773407	30.806446735810834	0.0	3.047987662907079	51.93371836352091	0.0	14.211847237761182
12528.0	2.4364886432252306	39.0335706398736	1.5098552369100129	0.0	52.42888429323524	1.5373071503083766	5.490382679672774
12530.0	2.5627774570153883	44.9231337616223	16.07794038162873	1.6009523614047327	7.732463072049699	6.109617345018917	23.555893078275627
12531.0	2.0976736994490977	46.33445136559654	10.9008145663632	1.996486184315604	16.850343395623703	23.917904488100937	0.0
12532.0	2.4966944568153013	59.783959468502054	32.329605200267665	0.0	0.0	7.886435331230285	0.0
12534.0	2.991748687131003	32.399763550011215	28.010151042622145	9.814712896716198	7.419637579241321	4.596506247579446	17.759228683829672
12535.0	2.5540952695617247	25.553151392475737	18.46862567180847	13.554826551266835	12.479932993648355	0.0	29.943463390800577
12536.0	3.631414341520933	36.21203305831467	22.925151470543547	3.1333898792207853	12.898303857037027	7.6851001586556045	17.146021576228275
12538.0	2.561041723716013	36.680862755873065	14.342629482071715	7.006456930897101	17.763429042450884	15.716444566561341	8.490177222145899
12539.0	3.14366653381827	38.307936821500086	15.053471854319502	7.4133271076710345	24.273258685247875	6.416622518340263	8.535383012921242
12540.0	2.8303672952931045	42.38007182389845	25.65145827637422	2.1170315744360133	15.139731473202742	9.683479764429437	5.0282270876591495
12541.0	2.447767683577912	22.971302218312374	8.70919422715709	7.204165576927651	22.2413752110131	11.823866473287527	27.05009629330227
12544.0	2.4766867429456445	45.80580580580581	35.24190857524191	10.643977310643978	8.308308308308309	0.0	0.0
12545.0	2.619296858467023	42.587008493614775	7.892934802196086	2.3786926801138892	35.35602301805644	0.0	11.785341006018815
12546.0	2.708208375304485	33.49192364170338	44.289769946157605	0.0	10.768477728830153	0.9750367107195302	10.47479197258933
12547.0	1.8802417758954804	66.79841897233202	0.0	0.0	19.76284584980237	0.0	13.43873517786561
12548.0	1.8273692730538251	0.0	22.321428571428577	0.0	77.67857142857143	0.0	0.0
12550.0	2.916364448344225	46.81813222118501	15.261326576385448	8.038019955627226	14.128972030600254	10.468823878859896	5.284725337342245
12552.0	2.502181223319241	42.33528412308855	10.153546032345353	0.0	4.70392045812095	22.418350009439308	20.388899377005856
12553.0	2.510349265500455	37.9955164981751	17.48411321150889	0.38597639677138457	14.38148054370179	9.732780820987236	20.020132528855594
12556.0	2.4768026552655167	35.37761024751486	39.497298018546964	9.128360797918479	9.448595636800325	4.98865834945627	1.5594769497631604
12557.0	3.453737140475222	5.738301779269297	0.0	0.0	32.051999127602244	2.638299668629562	59.57139942449891
12559.0	2.3981223740603856	74.20083564902743	5.037884088682754	1.7392695068071413	15.063673257231963	0.0	3.958337498250736
12560.0	2.976421056232798	48.82516589153834	19.33527247388231	4.072723049553663	10.46238472055788	11.608448458805583	5.696005405662221
12561.0	2.3781252456193727	44.58865396692485	21.81285325518108	0.0	11.869374084153234	13.188193426836929	8.540925266903916
12562.0	2.684555564408168	60.52148127145026	7.4288043381949	0.0	4.542581533136036	15.860343676714692	11.646789180504117
12564.0	2.6051972673883776	49.55323901712583	0.0	4.393149664929262	4.914370811615785	4.095309009679822	37.04393149664929
12565.0	2.1178345185437473	51.82587481893726	3.842341998932683	29.236868186323093	15.09491499580697	0.0	0.0
12566.0	2.466422722433792	41.95421933720532	32.866416125726	0.0	13.734198838401095	7.174581482746841	4.270584215920739
12567.0	2.9162275299906053	54.196732842572516	16.693852553452114	3.862619304607251	8.401348581685001	6.962568368968072	9.88287834871509
12569.0	1.9902541968583234	36.822105535652085	16.02881440976162	1.8280659254264155	36.27975800497924	2.1093068370304797	6.931949287150169
12571.0	2.4146475049029603	30.992475125574952	7.286233906198881	1.9168222320586594	12.740324474124822	19.110486711187235	27.95365755085545
12572.0	2.651626860492614	44.00481755732	14.28205013828174	1.6448835756980993	22.415023641716473	1.6560353287536795	15.997189758229988
12573.0	2.205583258640754	20.237946929114237	34.07873427183256	28.871309331007843	6.166687429924007	0.5232340849632491	10.122087953158092
12574.0	2.261143867700667	31.022197862428065	52.617155385036995	8.22143052891203	8.139216223622912	0.0	0.0
12576.0	2.417298937524483	46.65717914581707	28.66761541875163	9.08200584553704	4.728457971812881	2.47899738328054	8.385744234800837
12577.0	2.296182372555435	39.36697340479321	40.332692891091106	6.021842451208412	6.168470017190817	5.493477601375265	2.6165436343411868
12578.0	3.074196360856032	37.32724720877009	24.580525244351158	1.89664546638512	14.796363498425782	6.363456278107231	15.035762303960615
12579.0	2.5737068733922692	38.68221605465414	16.492314261315116	4.002988898377455	12.342549103330487	8.406276686592657	20.07365499573015
12580.0	2.579440597139797	48.538319726099566	23.123518567289967	0.0	16.67105609691862	9.428496181195682	2.2386094284961815
12581.0	2.254572244187353	67.19158644482779	22.235824383729344	4.729842524066552	0.0	5.8427466473763285	0.0
12582.0	2.2447223227699977	8.691939890710382	22.916666666666668	7.257513661202185	13.035063752276866	0.0	48.0988160291439
12583.0	2.6193527560116663	63.42278308977465	3.180620096508268	1.3213258561161942	10.988626301591765	12.680609800462635	8.406034855546478
12584.0	2.33372708539613	45.55197732835244	30.52531237923483	3.7099059641891023	15.353858044570396	1.025376787324488	3.8335694963287392
12585.0	2.8221680793680175	48.94126506024097	35.718373493975896	0.0	6.076807228915663	1.0481927710843375	8.215361445783133
12586.0	2.294333933583456	6.448664567888697	45.06956433431502	16.857926271961006	16.543109576520767	0.0	15.080735249314511
12587.0	2.0170333392987803	40.0	20.0	0.0	0.0	0.0	40.0
12588.0	2.2427898094786767	38.73642081189251	9.719839908519154	28.473413379073754	23.07032590051458	0.0	0.0
12589.0	2.458396087426251	17.635901719217653	21.403215702651913	0.0	45.29999303960465	0.0	15.66088953852579
12590.0	3.97040546018514	45.17698897150918	29.344649437013842	0.4239256802615492	6.121229898322065	2.323027086281721	16.610178926611603
12591.0	2.566849787794398	43.730513758980635	16.104107360715748	14.314762098413993	20.455469703131364	5.3951470787583045	0.0
12592.0	2.3027637084729817	83.19223107569721	0.0	0.0	10.45816733067729	0.0	6.349601593625498
12593.0	2.1050557829687464	70.66213033237372	10.337607956032452	0.0	14.682020413504315	0.0	4.318241298089505
12594.0	2.5520216324390126	66.6777839424977	11.520406954635279	0.0	6.564387729021076	3.849486631216063	11.38793474262987
12596.0	2.3524430166587527	23.166100339796124	35.920669820330026	32.33171208386079	7.462189353054835	1.119328402958225	0.0
12597.0	2.9024407746082965	30.252064020630804	38.087205262861396	10.216823880671749	8.52335676416647	6.393612959358038	6.526937112311513
12598.0	2.599989060664154	60.01299036846714	15.524566868101115	0.0	11.782838359625075	3.261946115090359	9.417658288716323
12599.0	2.1035984939779375	21.621013302122492	5.395124805870041	16.340678385739043	8.435931486191452	24.416484728443134	23.790767291633845
12600.0	2.4133500655482387	13.277419603906884	48.53926186156044	0.0	1.7517275991197931	0.8203682971084432	35.61122263830445
12601.0	1.981872947188907	45.783634998748845	30.94503294686796	18.016515138877303	2.126949703895237	0.0	3.127867211610643
12602.0	2.1850319204327686	83.41170323928945	0.0	0.0	6.792058516196446	9.796238244514106	0.0
12603.0	2.7876021461823375	0.0	0.0	0.0	100.0	0.0	0.0
12604.0	2.072213122603382	18.799220933186554	6.605131679227709	0.0	55.28833940215091	0.0	19.307307985434843
12609.0	2.5073385464626496	53.81665543866922	18.514795045862048	4.062807690314557	3.1092915997305277	9.48333937917811	11.01311084624553
12610.0	2.6299164898074414	42.89825848920568	26.503672354468666	11.07861124625584	10.671223160745374	5.099678192720942	3.748556556603497
12611.0	3.0767569194447915	37.014380048939096	29.45898836858512	5.817383434451782	14.333121040458552	6.5422518687359625	6.833875238829484
12612.0	2.783610617428145	18.268898434799784	32.41330502476999	46.84902648167349	0.0	0.0	2.468770058756727
12613.0	2.8859305754226674	47.24368748029115	12.148776182286909	3.452502088731254	22.020591476676103	8.775922211421864	6.358520560592712
12614.0	2.4991369945373827	61.05830164765527	5.0380228136882135	7.905576679340938	25.998098859315594	0.0	0.0
12615.0	2.718748659947389	41.41668935930327	24.22283691399252	4.543304716724235	5.13570196685442	4.349342391278385	20.332124651847185
12616.0	2.472171146692363	59.12845583277141	10.569790964261632	0.0	0.8344571813890762	2.528658125421443	26.938637896156443
12617.0	2.54775009877109	59.904243866508	12.060173380928092	18.003852909513277	0.35412771261827847	2.5950478780667448	7.082554252365569
12618.0	2.137702167146962	21.73913043478261	40.57242735416212	0.0	10.814944286650643	15.29386060738475	11.579637317019882
12619.0	2.5606253675839485	31.885203915003046	6.840598045248745	0.0	50.23531959804869	10.512890150955203	0.5259882907443251
12620.0	2.6379597939394266	37.48168266316815	20.787012528674786	11.802886275231893	9.749810113471586	2.9614626249606806	17.217145794492907
12621.0	2.790283990896914	50.389205085192934	17.716237303000103	2.305246637619227	14.803209445010213	11.376223778742427	3.409877750435127
12622.0	2.209783014848515	39.481801357186924	15.54595928439235	6.292412091301665	29.51881554595929	0.0	9.16101172115978
12623.0	2.4299136977637548	72.53808992939427	0.0	0.0	7.357859531772575	0.0	20.104050538833146
12624.0	2.4541814830932855	16.709714827895212	36.8720678931	5.7983237573137965	19.57373535044718	4.9338463971324655	16.11231177411137
12625.0	3.073245316553854	50.060403308242726	6.1771886695220966	11.193620058967149	15.15827356362623	5.843492071537793	11.567022328104015
12626.0	2.806756388651972	49.78630811509021	15.247977945957194	3.984465076764368	11.288653090946921	10.726205647013952	8.966390124227374
12627.0	2.8327781343996086	50.51548916970604	7.586227167957124	3.8064631490766763	13.203087301256819	8.592955838658872	16.29577737334447
12628.0	2.3775551460891364	57.82199801567892	7.663392071100181	0.0	9.034250499573789	21.28813180363606	4.192227610011039
12630.0	2.71217811833829	36.94610429923948	36.093434735371716	1.716979667856588	16.19878162346733	4.922008381188886	4.122691292875989
12631.0	2.6816933920045645	26.035379812695098	23.55879292403745	0.0	24.199791883454726	9.269510926118622	16.936524453694062
12633.0	2.6782064308481326	41.32841715487535	15.781772027084434	2.3759198166398305	19.33253961177575	5.051320917010642	16.13003047261398
12635.0	2.8777110455328856	41.22172305490401	33.1782822459879	3.3196835367550603	10.310234696987772	8.32240024384103	3.647676221524273
12637.0	2.859607328251305	54.38521652778376	16.658002676913778	1.5033893182505074	10.227537671085015	8.593065929795776	8.63278787617115
12638.0	2.7090069296020642	50.60290410209307	29.76997791631652	0.0	11.80011334987981	7.827004631710606	0.0
12639.0	2.563599728881531	27.69735045069653	18.519530183010104	9.751434034416826	17.945916416279704	0.0	26.08576891559683
12640.0	2.52051846704064	48.27967584306945	20.567475718393695	4.826157775141266	18.646061654165578	2.5980816022843816	5.082547406945646
12641.0	2.1640552918934515	29.81494174091844	32.31665524331734	0.0	15.72995202193283	11.651816312542836	10.486634681288553
12642.0	2.4796520762516643	34.860703002452325	14.575922939266064	19.53030068709542	14.430108477122591	4.473852815765636	12.129112078297947
12643.0	2.70495656049525	58.148893360160955	16.096579476861166	10.020909772359646	5.67325521757999	0.0	10.060362173038229
12644.0	2.6793461179854976	42.71097068485697	6.905065807369587	7.859220355297021	22.76160783411102	5.869305936264149	13.89382938210123
12645.0	2.6104418965629606	67.3095550460403	4.561115266248974	1.5448938805036845	11.233585502519649	11.709314729214434	3.641535575472971
12646.0	2.8283279274683983	9.211786454041295	12.080447225996126	4.3208089267021546	26.819454033868613	0.0	47.56750335939183
12647.0	2.429594839899604	27.791206850066487	13.272003793196419	2.928570764496426	32.46622846570783	0.6944896384377237	22.84750048809513
12648.0	2.477193631102115	15.897350441593069	24.712547908681888	3.3994334277620393	0.0	2.2662889518413594	53.72437927012164
12649.0	2.2783800995193197	52.1395585678917	19.209495882425244	0.0	22.88282909869888	5.76811645098418	0.0
12650.0	2.3846042753379724	55.782874113182665	12.027718198317112	12.49793763405379	7.300775449595778	10.311829731067485	2.0788648737832047
12651.0	2.0569048513364727	22.36842105263158	31.447368421052634	0.0	26.184210526315795	0.0	20.0
12652.0	2.899809562881713	62.80762739615607	8.236983299327443	2.2292752966069678	10.182876142975896	5.705433386231392	10.837804478702237
12653.0	3.0433328000196993	42.28612801773877	16.4196664932009	0.8471163201122247	33.884652804488994	6.177794872955177	0.3846414915039482
12654.0	2.025289476484531	44.3752594437526	18.906373825427377	0.0	36.71836673082003	0.0	0.0
12656.0	2.8525800162400774	60.067063204542784	5.721996618756354	1.0699782634337034	17.76809835936666	5.821692756162905	9.5511707977376
12657.0	2.5263651274825216	34.59020296410928	5.72386564291808	0.0	32.7430906890463	17.95528043965637	8.987560264269984
12658.0	2.800751435663986	51.655723439601296	25.577090420061705	6.834902302033067	13.559053872320225	0.0	2.3732299659837035
12659.0	1.8673496171887924	40.71661237785016	38.11074918566775	0.0	21.172638436482085	0.0	0.0
12660.0	2.356217134219735	59.643328929986794	30.05284015852048	0.0	0.0	10.303830911492735	0.0
12662.0	2.5142288873875893	38.838903170522705	23.489717223650388	1.7903048108703639	5.653384747215083	8.026380217896927	22.201309829844536
12664.0	2.6884079558711536	0.901663979890161	1.0451105221454138	0.0	13.242165086477772	0.0	84.81106041148665
12665.0	1.6409780573583321	100.0	0.0	0.0	0.0	0.0	0.0
12667.0	2.6628805497388552	25.753591376350165	31.9170669158716	10.95342620563754	17.973181492186992	0.0	13.40273400995371
12668.0	2.956698164326324	43.32286184634535	5.801915803352103	5.689958052671702	33.78214642158722	3.496838298389502	7.906279577654117
12669.0	2.8536160895093894	50.05568279716751	13.821240710778646	2.500472778466517	15.164631968229283	7.64570331925504	10.812268426102973
12670.0	2.7378523326643633	58.451804034160524	7.497759815664833	1.2947351096318784	13.435619845290129	7.074959310937587	12.245121884315056
12672.0	2.353916230920363	26.361221779548472	26.228419654714475	0.0	7.702523240371844	9.9601593625498	29.747675962815407
12673.0	2.458275156139176	39.03258372206364	7.005848360370397	4.94673814662675	15.969853094757363	19.825245422265542	13.219731253916311
12674.0	2.6541163527735883	67.75606375606375	18.330699930699932	0.0	4.507276507276507	4.8432432432432435	4.562716562716564
12676.0	2.2598287198031617	50.661083572325204	11.78130640742539	0.0	26.425017638057884	2.8862276546422447	8.24636472754927
12678.0	3.307442015165827	51.11331581883953	3.798502030424966	2.586898124027742	14.849076055026547	14.192652041694842	13.459555929986362
12679.0	2.3582728175247705	56.45276155624459	2.941788739029922	0.0	22.164762082150958	1.9392797274051996	16.501407895169333
12680.0	2.2960121611161	85.97008130903757	2.503761965579596	0.0	3.774610842048027	0.0	7.75154588333481
12681.0	2.714056353237439	46.63407859000066	16.863895038190062	1.4889679605311452	12.278673450859037	5.303723965275444	17.43066099514366
12682.0	2.5406543296574777	41.27081692820538	17.17983065439456	4.068802734314877	16.30937001329622	10.567864849218461	10.60331482057052
12683.0	2.739403551198266	40.54960640443159	9.144111858888701	3.3847396681163295	25.295044826161956	7.360480089409364	14.266017152992056
12684.0	2.538580016957034	45.55296750143468	7.525932784537261	0.21990422592265735	19.48081383853436	23.88564980252022	3.334731847050824
12685.0	2.632639475428074	36.59109619895304	20.465771937182534	4.21734470385386	14.753716389393729	13.702098575578233	10.2699721950386
12688.0	3.687868594696893	35.848955950272945	16.27884550279964	2.6209474723060575	17.43789766117266	5.589672145610924	22.223681267837662
12689.0	2.7557262558246274	68.14436517756073	7.063820078798885	0.0	6.765472398452099	5.936241345723536	12.090100999464726
12690.0	2.5250577708577415	47.80752813348855	23.581385630279694	0.0	23.6858601235784	4.925226112653354	0.0
12691.0	2.2820553706837066	47.38835205014363	7.9916427265604595	0.0	30.00783494384957	2.3504831548707235	12.261687124575607
12693.0	2.2348714585627025	36.02102014673343	29.873646209386283	11.005007569581924	7.408000465820426	3.027832770466985	12.664492838010947
12694.0	2.580736854650372	51.55382252156446	7.483555870652646	0.0	16.936468549371778	18.748276812792948	5.277876245618183
12695.0	2.162937607956918	77.24445971482564	10.539426215426904	0.7833705548874763	3.4014774093798312	8.031266105480157	0.0
12697.0	2.3915349370880246	36.534870504181214	16.04692701144759	3.6940813509783217	34.35089713404238	6.97816026629861	2.395063733051879
12700.0	3.053653598734933	47.056224163111274	11.443684144242477	2.750779387493123	19.374545679508795	11.120219001809549	8.254547623834785
12701.0	2.5597331118669158	50.618015460721224	9.77801050006201	1.1574871505146684	17.285141447685714	12.76956359978504	8.391781841231346
12702.0	2.303196057420489	17.238805970149254	65.84577114427861	0.0	8.45771144278607	0.0	8.45771144278607
12703.0	2.4241463057551558	52.49482206740728	20.787045754095278	0.0	0.0	5.592167200150631	21.125964978346833
12704.0	2.337668870104552	42.770156935732174	27.58898003262793	6.376232163783002	11.971232278670065	4.388685921738931	6.9047126674479005
12705.0	2.9086649801824493	48.24296808201186	19.862490854760374	1.7379040432977513	10.597547753576562	10.018246405810645	9.540842860542808
12707.0	2.780619700511976	77.13864306784662	6.662026449239336	0.0	2.4858307646415434	0.0	13.713499718272516
12708.0	2.387009949225593	65.38458032523882	11.850525049223362	4.881316998468606	8.188397870633704	5.5809268577262445	4.114252898709252
12709.0	2.79039073332807	23.674708180906023	15.951364523024573	9.095033622296038	24.74089954443191	3.709981989168572	22.828012140172877
12710.0	2.5327628695152087	50.36362925456002	4.445660886395182	2.932493988387323	25.318175597740012	7.331234970968308	9.608805301949129
12712.0	2.4885186687948693	29.205224706663714	61.22205003320788	4.597446682901631	1.7135266769980073	1.3814478636263003	1.8803040366024644
12713.0	2.900121231991279	48.40475740985464	0.0	0.0	0.0	18.293373607702478	33.3018689824429
12714.0	2.933979007319385	46.22804934270267	13.950396520491934	2.0997191992288453	13.073301574440144	11.6679006999064	12.980632663229999
12715.0	2.4205498135321757	43.38547995139732	11.884872417982988	3.873025516403402	13.783414337788576	0.0	27.0732077764277
12716.0	2.682817215836721	38.65426729908978	7.690790771051077	0.0	24.027234325213563	5.4178040249509625	24.209903579694668
12717.0	2.618560575660246	34.60492430624082	47.300777395364506	2.093913210907603	10.873907915954655	1.5162819803124024	3.610195191220006
12718.0	2.30588853028431	41.918417799752774	23.65883807169345	0.0	24.87021013597033	2.491965389369592	7.060568603213843
12719.0	2.4282158115613255	45.58850960641671	15.211714232419324	0.0	19.557918298824845	13.486289871292668	6.155567991046446
12720.0	2.294768047460315	31.79250796731471	14.954511871023236	5.945326025826229	17.868178159081634	13.802145936945177	15.637330039809003
12721.0	2.626859567555587	43.40717723007466	12.13205952217914	4.809376962782109	15.778288855411729	12.987773490812407	10.885323938739946
12722.0	2.389002085078735	24.63685268928065	57.662586895052215	3.889223482335168	7.349713667405042	6.4616232659269315	0.0
12723.0	2.150492406785989	59.43965943965945	11.194082622654053	0.0	10.939510939510939	6.97950697950698	11.447240018668591
12724.0	2.363334582072457	62.578919439902094	9.372867956812248	0.0	16.38492110763366	6.281066915021495	5.3822245806304885
12726.0	2.575730374019955	28.99301405158446	10.59845406008447	1.3546896167025262	27.44441788190295	20.47971949956172	11.129704890163893
12727.0	2.689651287660974	49.58315088886942	18.151034824999268	2.3819949207461244	20.508217298654287	5.636220334530169	3.7393817322007172
12728.0	2.2602682076365013	29.312262298683294	20.92458089053039	11.217442642758089	18.082462619966226	2.75150000686502	17.71175154119699
12729.0	2.6201464695846597	45.313062036881604	29.23191290376729	0.0	15.623126543727967	0.0	9.831898515623125
12731.0	3.207377528276687	42.93876050260228	20.8350650866685	0.9135762506266739	11.102489156921383	3.386999358804817	20.82310964437635
12732.0	2.33897415086708	38.532026024008054	0.0	0.0	0.0	0.0	61.46797397599192
12733.0	2.584274671924987	57.88514129443939	10.61336111472848	0.0	31.501497590832138	0.0	0.0
12735.0	2.5375483634202722	49.23648070536713	19.66442855692679	1.7257131255710083	11.050364720042928	5.931232507214642	12.391780384877537
12736.0	2.1583624920952498	35.0	0.0	0.0	64.99999999999999	0.0	0.0
12739.0	2.989245081442607	49.1912171720278	0.0	5.166369395411771	28.636447505996678	8.370748508518359	8.63521741804539
12740.0	2.6310376965367404	43.73246024321796	3.578110383536016	0.0	30.098222637979422	4.20954162768943	18.381665107577177
12743.0	2.4314683039512714	37.172532538462974	40.634662025808616	0.0	11.913798529983524	5.33575250402681	4.943254401718106
12744.0	3.357953418406873	40.59475526814094	28.559962896323505	6.615287284863915	8.001741153612949	7.4334540518552386	8.79479934520344
12747.0	2.5885505619979168	26.219145265836424	65.12118381312075	0.5673775123648181	2.9056605936258864	2.877005163708471	2.309627651343653
12748.0	2.1882531594466585	41.82816805430844	28.10758896065585	3.9907129547489983	11.05200058497426	7.372219201741645	7.649310243570782
12749.0	2.888690458388295	30.55652466049023	27.940716620795698	7.72777196314817	23.65365481774366	6.434856766290653	3.686475171531573
12750.0	2.440720217316904	47.26692764970277	27.069740466869657	0.0	18.051326663766854	7.612005219660722	0.0
12752.0	3.6401613125550085	34.46979238706784	20.86571798899876	0.0	8.592143410018368	2.871681193007205	33.20066502090786
12753.0	3.5486893278860006	37.35891641474263	7.3581983817685215	2.6486936040223417	30.50113613170195	10.324748787400614	11.808306680363948
12754.0	3.0015519978237344	33.63425603007898	14.463221666434167	0.29394766735088385	36.68334030836273	10.55786949387858	4.367364833894657
12755.0	1.2442771208018428	100.0	0.0	0.0	0.0	0.0	0.0
12756.0	2.049528122277718	36.402569593147746	0.0	0.0	0.0	0.0	63.59743040685224
