CustomerID	Savg	categ_-1	categ_0	categ_1	categ_2	categ_3	categ_4	categ_5	categ_6	categ_7	cluster
12347.0	2.777935255813152	23.58617201330661	10.638623093149096	2.963140005725069	0.5502736082663323	4.138168700548326	1.742533092843386	9.959952309620618	33.07839175590085	13.342745420639709	1
12348.0	2.4174384762938805	79.26163887614096	0.0	0.0	0.0	10.091275304675948	0.0	0.0	10.647085819183113	0.0	0
12349.0	3.1636234617855217	25.77338684779253	0.0	12.592363898322528	0.0	9.769819217179512	6.1335803231450035	0.0	35.598092689787656	10.132757023772774	9
12350.0	2.4689378056654614	18.27445652173913	0.0	22.21467391304348	0.0	13.451086956521735	0.0	6.725543478260867	34.2391304347826	5.095108695652174	9
12352.0	2.3240800117986447	18.85950008297706	1.5805154060739208	20.13576627338175	0.0	3.3451608569554536	12.857492828411347	4.231829999762923	35.96699883832118	3.022735714116373	9
12353.0	1.9493900066449128	0.0	0.0	44.71910112359551	0.0	0.0	0.0	0.0	55.28089887640449	0.0	2
12354.0	3.033182413729195	21.73892903464888	1.612006670372429	4.585881045025015	0.0	3.0155642023346303	0.0	4.289420048174911	24.35241801000556	40.405780989438576	8
12355.0	2.662190990859007	78.5589899869395	0.0	4.331737048323902	0.0	0.0	0.0	0.0	17.109272964736615	0.0	0
12356.0	2.9186296131738843	20.48982282918514	0.0	3.015160225614389	0.0	5.234318151666578	0.0	2.1467940806374446	66.70177653240492	2.4121281804915107	4
12357.0	3.7929286217507214	14.592270529844551	9.414804588517113	24.617287967949352	0.0	2.9962932952299357	0.8666697810933898	1.853835658145489	36.161554979565615	9.497283199654623	1
12358.0	2.6665460590317873	8.068443850613107	0.0	0.0	0.0	0.0	0.0	0.0	90.31528133956856	1.616274809818331	4
12359.0	3.1979714327027784	25.934741990133173	4.8272353697209045	9.932282413871247	0.32963393200983193	1.4199615532731218	24.098934553401488	3.0950724481500087	22.541255746803106	7.820881992637119	9
12360.0	2.88499538400475	23.32258933303216	0.0	1.5169022527649152	0.8600992154852609	15.053908238707942	0.0	3.518587699712432	18.23410336828753	37.49380989200976	8
12361.0	2.242789809478676	0.0	0.0	0.0	0.0	30.87478559176673	0.0	10.120068610634652	0.0	59.00514579759862	8
12362.0	2.669301070843252	16.29352674508494	4.582607932194533	8.158969384324482	0.0	10.728870215832266	1.5482362312974989	5.2104680470167	25.16494176447536	28.312379679774214	8
12363.0	2.4409090820652177	15.32608695652174	3.152173913043478	12.565217391304348	0.0	8.423913043478262	0.0	0.0	26.22826086956522	34.30434782608696	8
12364.0	2.480042892999132	17.892558563032857	0.0	2.532902905388627	6.615346411720885	15.694065060839332	0.8691333498882544	0.0	30.699445410148172	25.696548298981877	8
12365.0	2.506085417638042	21.640836945336623	5.425800617418691	1.571611213321276	0.0	4.6774143253609415	5.519348903925911	0.0	56.48757366927563	4.6774143253609415	4
12367.0	2.17868923977559	0.0	0.0	14.910536779324055	0.0	0.0	0.0	6.759443339960238	8.946322067594432	69.38369781312126	8
12370.0	2.9236765429065033	31.847741212514965	1.2159721518534634	1.1802082650342436	0.0	4.470485852402439	3.773090059427658	4.67314787771135	47.74419283887772	5.0951617421781386	9
12371.0	3.1841119851253654	26.721903714756927	0.0	29.06882379119872	0.0	4.528914369486111	0.0	2.4935207727950988	30.70761014686248	6.479227204900648	2
12372.0	2.6006244495889046	14.758703722283533	0.0	1.6554630279923748	0.0	37.14758703722283	3.386174375438949	7.3994180796628894	5.578408748871277	30.074245008528138	8
12373.0	2.511348515490213	24.02957486136784	0.0	5.452865064695009	0.0	44.423906346272325	0.0	5.452865064695009	0.0	20.640788662969808	8
12374.0	2.7944392467847536	34.27993514520091	0.0	10.225868075064614	0.0	5.104907453485946	2.793251248133819	0.0	38.71060953879249	8.885428539322234	9
12375.0	2.275886960301226	13.933774834437086	0.0	0.0	11.019867549668872	18.781456953642387	0.0	0.0	0.0	56.264900662251655	8
12377.0	2.737669627356642	31.95389681668497	0.0	0.0	0.0	21.66849615806806	6.915477497255764	3.0186608122941814	19.81339187705818	16.630076838638853	8
12378.0	3.6029948889456986	21.284132694044324	2.1154412241619305	8.26194550743148	0.0	4.933618053095578	4.940104075716828	3.7464264509980985	33.31819928055041	21.40013271400132	9
12379.0	2.5884341866380067	18.186743025190577	0.0	0.0	0.0	20.818016484154317	2.2830166776303065	4.566033355260614	19.637812947413227	34.50837751035096	8
12380.0	2.782393784678972	23.298370991434087	0.0	4.970374160326132	0.6238756209873079	17.693805806334485	5.63221046724653	3.903348792685141	13.373714700688248	30.504299460298075	8
12381.0	2.6916148189730924	30.557834568520693	0.0	10.740366555691919	1.34254581946149	7.845078349075474	1.0170801662587046	4.726032505882114	32.08820119201795	11.682860843091653	9
12383.0	2.4284749661474083	19.38406472540174	0.0	7.242459266992282	0.0	13.306737258118641	2.79631631930204	1.6498266283882037	32.9014578129078	22.719137988889305	8
12384.0	2.3276347515127846	21.478119782726267	0.0	2.469019681614033	0.0	13.567851012298071	7.4070590448421	13.779481270722131	37.10113574905354	4.1973334587438575	9
12386.0	2.155336037465062	0.0	0.0	100.0	0.0	0.0	0.0	0.0	0.0	0.0	2
12388.0	2.6659966391813747	37.88201362266512	0.0	9.891896168535526	0.0	0.0	0.0	0.6365395265872131	47.99472067782468	3.594830004387448	9
12390.0	2.703153758064621	35.1675778464464	0.0	0.0	0.0	13.964820537199907	0.0	11.350130734490135	8.200618017589733	31.31685286427383	8
12391.0	2.64311695556856	37.75644816449075	0.0	3.3548651230496294	0.0	3.980348451075832	0.5663467224673612	6.527771459764365	36.73975344584451	11.074466633307557	9
12393.0	2.5973111700635285	21.647921142423854	0.0	2.0472639959560213	0.0	21.42360672311386	13.528371035005689	1.0994565904208264	7.266523442436496	32.98685707064324	8
12394.0	2.732586736712126	25.76262401895454	0.0	0.0	0.0	17.15904042647712	0.0	0.0	42.84021916185399	14.23811639271435	8
12395.0	2.3201795322629417	24.360814483101773	7.894132506602366	6.47318865541394	0.0	12.843992804378614	4.083419451142496	0.9587782753473418	16.50160753243771	26.884066291575767	8
12397.0	3.0443241274781463	25.01286739807666	4.740620344033592	4.6119463632669655	0.0	10.4045329360242	1.5305431396451308	4.255722605986727	21.114723012325612	28.32904420064112	8
12398.0	3.157051600346907	34.86062159564242	0.0	5.600211749299973	1.0531741498683531	8.993772898875779	15.58864912305142	2.795926612150509	16.08737444798908	15.020269423122466	9
12399.0	2.4123135176424078	25.045228075267254	0.0	7.197794224350601	1.9155420113191115	10.552895080539834	0.0	3.3783195472355247	33.29850529676389	18.611715764523773	9
12401.0	1.8407332346118068	0.0	0.0	0.0	0.0	0.0	21.645021645021643	0.0	78.35497835497836	0.0	4
12402.0	2.291368850451583	15.030674846625766	0.0	0.0	0.0	28.06748466257669	0.0	0.0	9.049079754601227	47.852760736196316	8
12403.0	2.592953571547866	0.0	0.0	2.5274444728108247	0.0	0.0	0.0	0.0	0.0	97.4725555271892	8
12405.0	3.1431366355714814	23.82209308179718	0.0	4.362804680701099	0.0	26.15956674026711	3.4234998813282584	0.0	29.831917663389397	12.400117952516911	8
12406.0	3.2149431418366228	20.17678884401432	1.3716375828697704	7.289796540425208	0.0	8.905280804694048	2.3043511392212146	5.879753105235082	25.26769793492341	28.80469404861693	8
12407.0	2.479177828776893	37.71166197781199	0.0	5.414300122087161	0.0	3.732284091512289	3.463559636923404	0.0	43.756303413132336	5.921890758532832	9
12408.0	2.7140110484215243	10.629805648931649	15.284571693520341	2.0516981569491133	0.7534484757157759	11.357752791623199	0.8763185348325024	7.354816274487074	18.6430199760442	33.04856844789613	1
12409.0	3.743028167816036	21.89032610149154	0.8294391256735805	15.148919560668324	1.6173159422175478	14.904605465262945	1.442031421105702	1.1276035172555865	29.760420393721557	13.279338472603207	8
12410.0	2.415874408809005	21.739464189759737	16.389038151531437	26.051661932908573	0.0	0.0	9.374760113610195	0.0	26.445075612190074	0.0	1
12412.0	2.5808793780608053	24.055018899622013	0.0	8.68857622847543	0.0	5.855382892342153	0.0	5.186896262074757	14.87295254094918	41.34117317653647	8
12413.0	2.3529217976507018	26.01493751386527	0.0	2.9283443022997844	0.0	19.566664201730386	1.8634918287362268	3.0762404791836127	11.33624195814538	35.214079716039336	8
12414.0	2.168703680249077	10.578422730046787	0.0	3.933003322709703	1.7088221333152502	31.464026581677622	0.0	0.0	52.315725232250635	0.0	8
12415.0	3.7950567532709565	32.49763331788273	4.947225253073278	9.098110365334284	0.22314259637471826	5.913791775415953	1.226546883549942	3.819200955537636	25.010469828179392	17.26387902465204	1
12417.0	2.565760774032434	18.2536581719842	4.22808918906982	9.732249329858906	3.341362569264901	4.197512409076547	6.4958670385709105	2.0432083875504943	34.43251195042485	17.275540954199382	9
12418.0	2.8251533809021487	41.54177510544739	0.0	4.97173113165216	0.0	11.326991534296573	2.378174638786683	2.6025307367854267	30.78464806006762	6.394148792964195	9
12420.0	2.7784334500919083	36.30140408734322	1.9187528106730618	9.090757674178448	0.0	7.47014440613601	8.74431619447359	1.6789087093389294	29.958860074285038	4.836856043571677	9
12421.0	2.203468051862646	21.66061592388582	0.0	6.656860290435652	0.0	4.694541812719078	2.7697796695042567	2.7697796695042567	49.064221331998	12.384201301952928	9
12422.0	2.3576553863864684	37.516823687752364	0.0	4.046462636783897	2.8527122710515536	6.758733688337528	0.0	7.768154953478848	6.5392942828720235	34.5178184797238	8
12423.0	2.3136804516581755	23.6238882182353	0.0	7.9340631894434495	0.0	9.689325507499758	2.0119607598273874	5.602963826333097	30.255727150369786	20.88207134829122	9
12424.0	2.944719495467081	3.6627748500817727	0.0	2.896147555878611	0.0	3.092063419952752	2.734304015991277	8.66799927312375	78.10342086134834	0.8432900236234779	4
12425.0	2.8905327919277455	50.96757591353578	0.0	2.5476067936181157	0.0	7.0059186824498205	0.0	2.187339166237777	25.533968090581574	11.757591353576947	0
12426.0	2.7081913688243993	26.57960174651969	0.0	26.52673624028352	0.0	21.49863920270985	3.4656276310379277	3.9551230591506292	2.9369725686762087	15.03729955162219	8
12427.0	2.2898341214850317	28.089887640449444	0.0	9.311990149299675	0.0	0.0	0.0	0.0	25.758042173310763	36.840080036940115	9
12428.0	2.9007766472930405	32.93213949104618	2.8118127552623315	7.5097392397109655	0.0	2.1379202010681757	5.099748664781654	6.552309142318569	24.233270499528746	18.723060006283387	9
12429.0	2.8752349464501648	24.519969789861836	29.988004798080762	11.925896308143411	0.0	2.6922564307610286	4.2516326802612285	6.642676262828203	16.559598382869073	3.419965347194456	1
12430.0	2.335257256434532	4.65804066543438	0.0	0.0	0.0	25.508317929759702	0.0	48.42883548983363	21.404805914972275	0.0	6
12431.0	2.633842766392341	35.51839022524405	8.539148712559117	7.283344236275696	0.0	4.195487969228679	1.4290003967956073	1.7730686599390149	27.295069367736588	13.966490432221232	9
12432.0	3.0373587586563	37.90820586697008	0.0	9.324848829633977	0.4564932145380472	5.748373599552224	6.4826624335905585	0.4541992787865996	18.12209243643504	21.503124340493468	9
12433.0	3.282791991418036	24.990327206361613	3.8592100117324986	30.34107678268804	0.16581931951505668	1.5084343631860249	4.8499543736149135	2.3527571372702383	27.036996480250288	4.895424325381304	2
12434.0	2.5982103308027367	46.51171589275357	2.2321991575655167	5.675082603980126	0.0	7.566776805306834	2.2321991575655167	2.4970363457512548	29.13839634776907	4.146593689308143	9
12435.0	3.5927256651514874	14.948358150625365	17.04621648579993	0.0	0.0	2.6054005867259953	9.310475626094368	2.286111299137025	36.86067109499623	16.942766756621104	1
12436.0	2.632467415481234	19.090464091746114	0.0	25.398009370410943	0.0	3.07685135544626	0.0	0.0	49.35782382695042	3.07685135544626	9
12437.0	2.3928346631425153	17.18438371996286	0.3912389458134061	5.963021174121568	0.0	12.749892634139874	1.122001344602814	4.4138048886880235	46.75912497386122	11.416532318810274	9
12438.0	3.0911127467917727	34.173135780448746	3.717291282404686	11.832904311166065	0.6129274175568032	12.295437501266797	4.18590510164785	5.6736323651620495	15.275756531609137	12.233009708737864	9
12442.0	2.1585434104406707	6.497292794668888	12.078300708038313	0.0	0.0	6.497292794668888	0.0	0.0	40.31653477717618	34.61057892544773	8
12444.0	2.9143770106682134	17.936482417935753	0.7307591125661338	18.11892860970643	0.0	0.0	25.632837391482283	3.5697582648855635	32.052799781746614	1.958434421677238	5
12445.0	1.8887409606828929	77.51937984496124	0.0	0.0	0.0	0.0	0.0	0.0	22.48062015503876	0.0	0
12446.0	3.0010020633151466	21.310772116411094	5.726771158623579	5.650946314014628	0.0	4.464686574014029	6.056010615478246	2.9232472987399114	33.29009986930192	20.57746605341661	9
12447.0	2.634970735172564	11.981737699599064	0.0	6.987415699089202	0.0	26.976291455190157	0.0	4.102064937773761	36.87686852534241	13.075621683005398	8
12448.0	2.5628279662199915	24.668217266383905	0.0	1.280612942947051	0.0	15.022574907648098	0.0	8.209057326583661	33.94171569298125	16.877821863456006	8
12449.0	2.953794714069597	24.975460822125026	19.75090996554783	9.4213759179599	0.0	8.667265431875629	3.906803956299409	4.799946611647004	16.542047498950307	11.936189795594904	1
12450.0	1.9953719060281625	12.765312310491204	0.0	30.382049727107333	0.0	0.0	0.0	0.0	15.160703456640391	41.69193450576107	2
12451.0	3.2501036817194717	20.93681691838552	0.8804163031060819	5.99931185852171	0.23387814948411886	17.589660786730114	5.975136953647151	5.037825293022336	18.89027066898146	24.45668306812152	8
12452.0	2.542290006425408	20.566887569211346	0.0	0.0	0.0	21.34434977192529	17.557449005938548	4.303296324984938	22.22795995065553	14.000057377284335	8
12453.0	2.8494746952901906	22.231964813531523	0.0	3.924535773381041	2.8002093085745803	12.410018526637346	2.1637981020803574	2.121370688314076	25.774653863016034	28.573448924465065	8
12455.0	2.670219868866269	17.79593650902191	0.7436342345268521	1.2650329506893578	0.0	1.5641961484875166	4.36778268785312	2.2779140632345527	56.58116297556264	15.40434043062406	4
12456.0	2.930080932874214	22.913672867664623	0.0	3.1544036743947466	1.6915372236079074	7.429842318972232	9.293274181738443	3.5475294550665835	45.27759613765666	6.692144140898786	9
12457.0	2.606367927573454	13.468857328506456	1.0520127479191808	1.3923698134224451	0.0	14.047464339862005	3.0632135895293797	3.7105108450137685	21.349670472477488	41.91590086326929	8
12458.0	2.595165414790229	29.43865887731775	0.0	6.36271272542545	0.0	16.988823977647954	3.9624079248158495	3.81000762001524	22.749555499111	16.68783337566675	8
12461.0	2.7971844143146423	47.23392036753446	7.178407350689127	5.200357325165898	3.885911179173047	5.551301684532922	9.236217457886676	7.609111791730473	11.735898417559975	2.3688744257274115	9
12462.0	2.6709829710049373	33.31840143346239	0.0	9.027400036263183	0.0	0.0	2.3997696221162768	2.1224629102272847	53.13196599793086	0.0	9
12463.0	2.4681921975361005	18.070229163476746	0.0	13.280253151635787	1.6842749961721017	15.149968526174314	0.0	5.318225897004032	23.28722843192296	23.20981983361405	8
12464.0	2.077844640603975	0.0	0.0	77.79635337756648	0.0	0.0	7.993312784076066	0.0	14.210333838357453	0.0	2
12465.0	2.532875353273346	16.01313417083217	0.0	2.90241721514534	0.0	22.852870901068613	2.5945850862662896	2.198800920564652	32.08050543103828	21.35768627508465	8
12468.0	2.5132442430839226	13.256855407643705	0.0	3.558063922458745	3.0366235200294467	15.788908655910685	0.0	15.873259309244835	26.00300595055518	22.483283234157415	8
12471.0	2.7556366903350704	17.481587127445604	4.210641799232035	8.430645456207717	2.8787712561711465	6.542768330590601	0.4904004388370818	3.1282501371365883	47.89350886816603	8.943426586213201	9
12472.0	2.864762171479596	20.27083608295749	0.23893285759146585	1.3271013575937416	3.5805795373349665	12.00990319805941	11.831044887519514	6.4154610038820925	21.019492370077415	23.30664870498392	8
12473.0	2.9286126039729585	17.105454431160545	0.6011150094096107	5.402177372145195	0.0	14.508873321887267	4.964502783594668	4.850958837372851	29.84437800311952	22.72254024131035	8
12474.0	2.5610138796089585	21.160093303290655	0.2225723131033725	1.9738408836945176	0.0	18.95039904254216	3.5832921162383147	8.789774496693473	22.487131106999588	22.83289673743795	8
12475.0	2.825672732193558	22.653799037915693	2.5994203591383065	4.840299979085123	4.517613313812782	33.187427171412345	2.330514804744689	5.198840718276613	15.350025396635694	9.322059218978756	8
12476.0	2.7600966403553544	22.799564951491398	5.607677980707754	14.536770633530708	1.907680760570428	9.178759069301977	8.738150835348732	6.332874655991995	23.02212770689128	7.876393406165736	9
12477.0	3.3399301932109413	30.51660792139257	2.6190791849721817	11.945862915502813	0.1782930497711906	0.5531656159567708	11.609544316489975	4.914487910359742	27.17780388678848	10.485155198766273	9
12478.0	2.7371846885205064	27.63237421930805	3.1868715544240733	5.467133097675783	0.0	20.348358028535323	2.747303064158684	0.0	16.754885620615767	23.863074415282327	8
12479.0	2.6750447359558933	26.59763313609468	0.0	7.3541842772612	4.945054945054945	20.371935756551146	0.0	9.932375316990703	30.798816568047336	0.0	9
12480.0	2.8581806530803244	18.415389360382303	0.5302135062360731	11.426620876550352	0.6861586551290357	8.890606210775461	4.615976407231696	6.541032634121491	21.293097174620442	27.600905174953127	8
12481.0	2.7337007066280745	21.20230232032162	5.050749823448774	10.821782498119097	0.9969951673428694	10.06018896750996	2.907902571416703	3.906744026106504	29.32850529192111	15.72482933381337	9
12483.0	2.3781661548327757	26.07876586882124	0.0	4.5212404106793365	0.0	11.05401417073962	14.955677191807347	4.631131670661127	28.649174768966702	10.109995918324627	9
12484.0	2.989318530537605	30.727781450335907	0.2972209838014564	4.754254615893124	0.6897576624082075	6.1955201623441525	2.3272915481626106	5.016372776607684	34.64136188704577	15.35043891340108	9
12488.0	2.6179294780053093	34.54758729291534	2.4585027236353705	5.993604679189497	0.0	7.596452043128246	4.8446965436344085	0.0	26.08021467710057	18.478942040396575	9
12489.0	2.4755695021274766	26.103101060448928	0.0	0.0	0.0	26.778844545545773	16.960492422975282	0.0	30.15756197103001	0.0	8
12490.0	2.686630013946929	16.020806884049772	0.0	1.7946760550049077	0.30864642083322186	9.080377700913386	0.6172928416664437	3.2346144903321647	34.37518647387925	34.56839913332084	8
12491.0	2.6277753752293034	18.86192271442036	0.0	0.0	0.0	38.76060320452402	0.0	0.0	3.4990574929311964	38.8784165881244	8
12492.0	2.055397446028373	18.185819286122967	6.733858544958409	22.617842524536773	0.0	24.338717486026145	0.0	0.0	0.0	28.123762158355703	8
12493.0	2.258625311928395	30.76986686512858	0.0	3.5006477576559436	0.0	0.0	0.0	4.548085669395518	22.42619697345572	38.755202734364225	8
12494.0	2.285377253249845	14.266017001866054	0.0	26.61414057640473	0.0	15.990047688160894	0.0	0.7713041675305825	15.658303960190748	26.700186605846984	8
12497.0	2.9791384695468097	0.0	0.0	0.0	0.0	0.0	0.0	0.0	71.3566257475606	28.643374252439408	4
12498.0	2.0665743775895824	27.53788961967401	0.0	22.790963683156985	0.0	7.14898484415213	0.0	9.779811266800117	20.960823563054053	11.781527023162713	9
12500.0	2.606909936602895	17.990467054972655	0.0	0.0	0.5142252504375859	0.0	17.980578107848856	0.0	62.55921007090376	0.955519515837149	4
12501.0	3.3065086613975345	19.663373473750752	0.7405981070312386	3.3282478929983865	0.0	12.855301941848245	2.66615318531246	9.15478006704882	34.19094594127551	17.400599390734634	8
12502.0	2.7775529597289337	18.92104797604702	4.566286254076445	8.843841688724812	0.9963716716679962	2.089543271236736	8.366517906317696	7.2499808069108465	39.56179674017898	9.404613684839461	9
12504.0	1.6658154279909352	10.739341608202913	0.0	0.0	0.0	0.0	0.0	0.0	24.50080949811117	64.7598488936859	8
12506.0	1.8662873390841952	58.57142857142857	1.9727891156462576	10.476190476190473	3.46938775510204	0.0	0.0	4.0136054421768685	18.84353741496598	2.653061224489795	0
12507.0	2.5472207190130614	70.75781213066705	0.0	0.0	0.0	1.4749680896326762	0.0	1.418238547723727	26.348981231976552	0.0	0
12508.0	2.298722113605708	28.3929828088871	1.0932944606413997	7.3816225997788285	0.0	1.884990449381723	2.9405851010354884	10.990750980195036	41.032472102141355	6.283301497939077	9
12509.0	2.2000292665537704	5.3627760252365935	0.0	0.0	0.0	0.0	0.0	0.0	83.91167192429022	10.725552050473187	4
12510.0	2.6098984156416383	61.949249297175186	0.0	4.345851185287944	0.0	1.0434953411002124	0.0	4.0512172066243535	18.80746897135912	9.802717998453172	0
12512.0	1.8201357518704304	13.852322590407018	0.0	4.841882281737024	0.0	0.9456801331517624	4.917536692389165	1.9291874716295956	53.69193523982446	19.821455590860946	4
12513.0	2.7265560649130416	12.113590720546556	0.0	2.81536815630924	0.0	38.382852531015956	4.22305223446386	0.0	13.936072373730738	28.52906398393363	8
12514.0	3.0076112396102723	26.82572124832953	0.0	13.656552157849223	0.0	6.347771401619368	16.97979718575584	4.411995912271046	16.567093781935384	15.211068312239606	9
12516.0	2.7730766638615685	23.260206060401675	0.0	0.0	3.50741109218758	14.822184375158088	0.0	2.090956612650288	10.967404684417312	45.35183717518507	8
12517.0	2.7527492868334877	21.401276699136343	0.20232809842510985	7.838225874141319	0.7112406953371764	15.680869392353056	2.0343250944271416	2.742915203322068	31.605150972986106	17.783667969871658	8
12518.0	2.5660578342384626	21.942647306465894	3.2592930593354303	0.423708097713606	0.0	18.159694495597233	0.0	6.942294216384465	15.97379528380294	33.29856754070041	8
12519.0	2.4422288405687183	46.814044213263976	0.0	0.0	0.0	10.078023407022108	0.0	6.263545730385784	36.84438664932813	0.0	0
12520.0	2.6714061323048126	16.255657940722674	0.0	1.6826779640790015	0.0	10.39739841279312	15.458644821971982	3.0738281349893017	42.60141672278432	10.530376002659548	9
12521.0	2.7369380365230915	20.20048380002932	0.0	8.246591408884326	0.0	5.369447295118017	16.38872599325612	3.8117578067732	23.735522650637737	22.247471045301275	9
12522.0	1.8940944273226987	15.313935681470134	0.0	0.0	0.0	11.294027565084226	0.0	0.0	63.916539050535974	9.475497702909651	4
12523.0	2.188997474756191	20.05800784812062	2.470922536578478	9.415979809032986	0.0	0.8736476111473904	7.765756543532358	1.000135312424622	50.9674838360484	7.448066503115126	4
12524.0	2.693036276192484	20.805835183439267	0.7045608912948714	7.272183530509007	0.0	18.880204373346306	1.5485133258315338	3.656113459647415	24.41430207921495	22.71828715671664	8
12526.0	2.592050856689984	35.30776184060172	1.4838060477887878	1.478689475210206	3.68393225657906	18.14251360155544	4.789111933552777	3.417870482492795	13.807071103303606	17.88924325891563	8
12527.0	2.0423260725773407	49.23346738834629	0.0	0.0	0.0	13.27447007952587	0.0	10.280910767742132	12.999304526624535	14.21184723776118	0
12528.0	2.4364886432252306	26.954728744593506	0.0	1.0340220713383723	0.0	3.550447466188394	0.0	3.501644064591302	54.82025097149271	10.13890668179572	4
12530.0	2.5627774570153883	24.984435185375233	0.0	0.0	1.6009523614047327	7.718779718533418	0.0	1.0262515137209829	21.89541812907507	42.774163091890564	8
12531.0	2.0976736994490977	8.664750039929723	0.0	0.0	0.0	37.34227759143907	2.9947292764734064	18.287813448330933	8.792525155725922	23.917904488100945	8
12532.0	2.4966944568153013	16.824395373291274	0.0	0.0	0.0	0.0	0.0	6.309148264984227	76.86645636172449	0.0	4
12534.0	2.991748687131003	35.95160928677714	0.0	2.0546688680975964	2.0179783525958537	4.667848916610611	11.740964960557694	6.267963064881061	25.950386269593764	11.348580280886278	9
12535.0	2.5540952695617247	29.34319815732532	0.0	20.730090039785022	9.99511412019264	8.292036015914007	2.219585398199204	2.1358274586445165	18.99211279402526	8.292036015914007	9
12536.0	3.631414341520933	29.361101569966163	0.9556722301277416	12.404812475611653	0.3504910379441595	6.718913197389537	3.5679987662715438	4.23252977421367	30.491084676298147	11.91739627217731	9
12538.0	2.5610417237160132	47.3389201813436	0.0	10.935568072537437	0.0	0.0	6.8910564637999725	10.22118422860283	12.941338095892293	11.671932957823875	9
12539.0	3.14366653381827	17.718893388526226	0.3124803577361337	13.986189804879364	1.3468980936902315	3.792865031831691	4.566882469672345	0.8189140409636608	39.915235213303774	17.541641599396588	9
12540.0	2.8303672952931045	14.030414317488232	2.4929617013101217	15.608951385861335	1.9286046803762633	5.753301165291027	6.492969090600088	7.001906436810487	37.4742298512536	9.216661371008863	9
12541.0	2.4477676835779123	16.481609168073422	2.0685227894148697	5.670605577878696	0.0	8.042273948500918	4.244038136902923	0.0	38.1416581468889	25.35129223234029	9
12544.0	2.4766867429456445	44.25759092425759	0.0	0.0	14.414414414414413	0.0	0.0	5.005005005005005	36.322989656322996	0.0	7
12545.0	2.619296858467023	17.503814317807766	6.271098883936616	0.0	2.3786926801138892	5.514242122082198	1.2253871382404882	16.819039152320432	36.970650776679186	13.317074928819425	9
12546.0	2.7082083753044848	29.202153695545768	1.1277533039647576	3.1718061674008804	0.0	10.954478707782672	4.910425844346549	8.272148800783162	41.03964757709252	1.3215859030837005	9
12547.0	1.8802417758954804	33.201581027667984	0.0	0.0	0.0	19.76284584980237	0.0	0.0	47.03557312252965	0.0	9
12548.0	1.827369273053825	0.0	0.0	0.0	0.0	0.0	0.0	22.321428571428577	77.67857142857143	0.0	4
12550.0	2.9163644483442255	25.08638143617475	0.0	9.247966247590421	2.836948219633139	13.937417407223315	1.5275875028793826	4.4300037583502085	22.683462046724802	20.250233381424067	8
12552.0	2.5021812233192406	9.895538355043737	0.0	10.210181863948149	0.0	0.0	16.282801585803288	5.348939651374994	45.33069032785854	12.931848215971307	9
12553.0	2.510349265500455	22.1195353461745	0.4631716761256615	1.7785792363225403	1.1486657567916403	13.425802985295839	3.81344680010128	4.298233154446138	19.538433985684907	33.41413105905747	8
12556.0	2.4768026552655167	25.68049903262394	1.8263393154980327	9.575355260524391	0.13176329308159326	6.129494962972848	8.236039762492497	4.196410701180867	37.62425778904533	6.599839882580563	9
12557.0	3.453737140475222	5.738301779269299	0.0	0.0	0.0	32.05199912760225	0.0	0.0	0.7148033235540359	61.49489576957442	8
12559.0	2.3981223740603856	20.201515363547312	0.0	0.0	0.0	3.4305591651506364	0.0	0.0	55.19681733671858	21.17110813458348	4
12560.0	2.976421056232798	19.99197597014216	10.293985672883533	16.214347176544493	0.0	4.60853820124478	7.379995882405733	1.0452354683235583	16.478295527131255	23.987626101324487	1
12561.0	2.3781252456193727	30.960854092526684	0.0	0.0	0.0	7.410508687460751	21.81285325518108	0.0	16.830646849487128	22.985137115344358	9
12562.0	2.6845555644081682	13.611795353453012	2.2151730493186133	4.412624714242677	0.0	8.515125201580746	0.5227808396391928	1.7514634909945832	29.526484608977647	39.44455274179353	8
12564.0	2.6051972673883776	8.33953834698436	0.0	4.914370811615783	0.0	4.393149664929263	0.0	4.393149664929263	14.929262844378258	63.03052866716307	8
12565.0	2.1178345185437477	26.759167492566892	0.0	17.336281161851034	0.0	45.28474498742089	0.0	2.2489898604863923	8.370816497674772	0.0	8
12566.0	2.466422722433792	27.43423300307482	0.0	10.413392552101127	0.0	5.0734540485138355	0.0	0.0	38.56166723607789	18.51725316023232	9
12567.0	2.9162275299906053	24.36618479934997	4.129425033653906	2.8328401469857027	0.3001564451774865	10.129522053919016	3.8019816389148287	4.5050753726184585	27.18917132566066	22.745643183720013	8
12569.0	1.9902541968583236	17.269470340269542	3.643348173052647	8.997152435770007	0.0	4.719094659938191	0.0	0.4985634342072043	62.64801101953028	2.224359937232142	4
12571.0	2.4146475049029603	26.80856796443486	0.0	0.0	0.0	12.124477973865016	1.9168222320586592	1.5011258443832876	34.150612959719794	23.498393025538387	8
12572.0	2.6516268604926143	7.9344722990454075	11.709340708359349	12.494424123472207	0.0	1.9738602908377196	6.523775537514495	7.038986528682307	46.253010973325	6.072129538763492	1
12573.0	2.205583258640754	27.039990033636478	0.0	8.969727170798555	0.0	0.0	9.966363523109504	0.0	38.78161205929987	15.242307213155598	9
12574.0	2.261143867700667	31.926555220608385	0.0	9.701288024116195	0.0	0.0	33.54343655796108	16.6072896684023	8.22143052891203	0.0	5
12576.0	2.417298937524483	30.59495937198733	0.0	24.115900778894854	1.5149428453381075	0.0	6.052120154860824	1.1476839737409907	34.10304671838896	2.471346156788933	9
12577.0	2.296182372555435	31.666498129234505	1.3904338153503892	4.765395894428153	0.0	3.9311356052179183	2.9376074426130043	3.359793710183031	42.08716755991506	9.861967843057943	9
12578.0	3.074196360856032	34.4658414151504	0.0	10.751872410552089	0.0	4.458381276315956	0.0	4.31170736024884	29.610007544434186	16.402189993298517	9
12579.0	2.573706873392269	30.996477369769433	0.0	0.0	0.0	12.836251067463705	7.525619128949617	0.0	19.60130230572161	29.040350128095646	8
12580.0	2.579440597139797	20.305504345535947	0.0	0.0	0.0	33.763497498024755	0.0	17.066104819594415	10.63997893073479	18.224914406110088	8
12581.0	2.254572244187353	14.801624840020034	0.0	5.5366980134661405	0.0	9.849201491291527	0.0	0.0	63.96972900784598	5.8427466473763285	4
12582.0	2.2447223227699977	28.984517304189435	0.0	14.207650273224044	0.0	0.0	8.70901639344262	0.0	22.005919854280513	26.092896174863387	9
12583.0	2.6193527560116663	18.675139168216788	15.057966736908574	0.5250983272357863	0.0	24.08862836080089	0.0	2.7644882522119336	27.56371536238648	11.324963792239528	8
12584.0	2.33372708539613	40.15870153291254	0.8759500193224268	32.00412211773799	0.0	0.0	9.488599768130877	0.0	17.472626561896178	0.0	2
12585.0	2.822168079368017	40.03614457831325	0.0	14.905120481927712	0.0	5.218373493975903	0.0	10.572289156626509	25.71987951807229	3.548192771084337	9
12586.0	2.294333933583456	35.00050776886361	0.0	19.122575403676244	0.0	7.540367624657258	5.280796181578146	0.0	33.055753021224746	0.0	9
12587.0	2.0170333392987803	20.0	0.0	0.0	0.0	0.0	0.0	0.0	0.0	80.0	8
12588.0	2.2427898094786767	11.377930245854774	0.0	8.576329331046313	0.0	8.49056603773585	0.0	0.0	71.55517438536306	0.0	4
12589.0	2.4583960874262507	30.309041553560238	0.0	1.7400988376139768	0.0	2.192524535393611	5.98594000139208	3.0277719774483187	35.654625182710376	21.089997911881394	9
12590.0	3.97040546018514	21.400753217446038	0.0	11.653674129614199	0.0	3.707850975136115	3.7254074932075527	0.642311636759923	40.541639992891724	18.3283625549444	9
12591.0	2.566849787794398	29.04974922055037	0.0	10.925850616781895	0.0	0.0	0.0	0.0	60.02440016266777	0.0	4
12592.0	2.3027637084729817	12.699203187250994	0.0	0.0	0.0	31.12549800796813	0.0	0.0	22.260956175298805	33.91434262948207	8
12593.0	2.1050557829687464	20.701387071447265	0.0	0.0	0.0	17.27296519235802	0.0	0.0	10.442292593561897	51.58335514263281	8
12594.0	2.5520216324390126	24.412602627001892	2.075917486955383	2.580870389187774	0.0	21.095810137708767	2.655678226555535	8.122260942204711	26.72603499759991	12.330825192786033	8
12596.0	2.3524430166587527	39.585137806205175	0.0	19.108534879072558	0.0	7.861949496968488	0.0	3.930974748484243	23.8634597019566	5.649943367312945	9
12597.0	2.9024407746082965	21.219196174285333	1.9670007073065383	5.7902116286202485	1.8965830208874497	7.813233517566862	13.175931547749446	6.0534172920800415	33.95071387885653	8.133712232647513	9
12598.0	2.5999890606641545	36.49432299366989	0.0	7.484174716867384	0.0	18.135559160004014	1.270328850101196	4.323424289835933	13.712733431897455	18.579456557624127	8
12599.0	2.103598493977937	24.902653672151068	0.0	1.6880866100970089	0.0	5.086767651758986	0.0	0.0	57.04607351054492	11.27641855544802	4
12600.0	2.413350065548239	3.2472107477898304	2.5885032621704047	1.708296336331699	0.0	5.810137821873911	1.3203103887580587	0.0	46.89466471065128	38.430876732424814	8
12601.0	1.981872947188907	31.34122946033865	0.0	13.360163483192927	0.0	9.008257569438651	1.5639336058053217	34.967470180999236	9.758945700225203	0.0	6
12602.0	2.1850319204327686	84.39132706374086	0.0	0.0	0.0	0.0	0.0	15.608672936259136	0.0	0.0	0
12603.0	2.787602146182337	0.0	0.0	0.0	0.0	0.0	0.0	0.0	100.0	0.0	4
12604.0	2.0722131226033818	16.800745194343296	0.0	0.0	0.0	23.499026166483194	0.0	0.0	13.97239393682784	45.727834702345675	8
12609.0	2.5073385464626496	26.72539773021713	0.0	14.731823599523244	0.0	14.257138415297716	10.45758408042701	4.021350468984816	13.824946882935171	15.981758822614912	8
12610.0	2.6299164898074414	23.02475395518145	0.7473666316918622	2.655349679658145	1.160616416274421	9.472505700502348	10.486579639974444	4.2819711721639635	36.83139994958938	11.339456854963979	9
12611.0	3.0767569194447915	32.31404820165588	1.458116850467603	5.852579358428586	0.0	15.989005463748196	1.2569972848858646	4.981899239097643	32.7104213454899	5.436932256226329	9
12612.0	2.7836106174281454	2.4687700587567267	0.0	0.0	95.06245988248655	0.0	0.0	0.0	2.4687700587567267	0.0	3
12613.0	2.8859305754226674	19.28069622207845	0.0	10.262578713471584	0.0	24.258866135895943	13.361378140005135	4.109192693179196	13.891607038943052	14.835681056426628	8
12614.0	2.4991369945373827	52.72496831432193	0.0	4.705323193916351	4.752851711026616	9.600760456273763	3.1527249683143217	5.0380228136882135	15.320025348542462	4.705323193916351	0
12615.0	2.7187486599473893	24.854886560704003	0.8312671090536452	11.55031315838505	0.9459246413369068	1.9873972262431985	3.58304788385192	2.1326301004686625	31.46537103655186	22.649162283404756	9
12616.0	2.4721711466923635	45.79399865138233	0.0	0.0	0.0	26.449763991908288	0.0	8.85030343897505	4.779163857046528	14.126770060687795	8
12617.0	2.5477500987710897	44.775907983455134	0.0	0.0	5.524392316845144	2.818856592441497	0.0	6.643435888718903	27.01852796192416	13.218879256615098	9
12618.0	2.137702167146962	11.579637317019882	0.0	0.0	0.0	21.73913043478261	0.0	12.89053965479572	14.682106183089356	39.10858641031243	8
12619.0	2.5606253675839485	41.3804958041261	2.3927310480918322	3.7025450270041715	0.0	5.3217638828249365	0.0	3.6193494934354606	38.75467974876325	4.8284349957542805	9
12620.0	2.6379597939394266	28.547425599005688	0.0	9.630124059198565	1.3809929339194882	8.013595108216139	0.0	2.237208552949571	36.26334000813252	13.927313738578038	9
12621.0	2.7902839908969144	18.608370092841955	2.9767773548821035	14.442772670914831	2.2031393925969542	7.666687376248991	0.8157774602308487	6.33695210774025	26.614604577538024	20.33491896700604	9
12622.0	2.2097830148485147	6.292412091301666	0.0	12.214682294879706	9.4386181369525	10.919185687847012	24.984577421344852	12.831585441085751	23.31893892658853	0.0	5
12623.0	2.4299136977637548	10.516536603493122	0.0	7.357859531772572	0.0	27.387588257153467	5.574136008918617	0.0	22.519509476031214	26.64437012263098	8
12624.0	2.454181483093286	31.53936710417655	0.0	16.525222708344312	0.0	5.7192557060777	11.675715565863689	0.0	19.03782966984696	15.502609245690794	9
12625.0	3.0732453165538542	20.8682869959703	0.0	5.253820614846542	0.0	6.3360113541323475	0.0	14.737562409711838	31.756088906911305	21.048229718427656	9
12626.0	2.806756388651972	25.37289884094909	0.26007125952510995	4.009258536839095	0.0	15.319237471067073	4.367463351625013	4.220089637894117	19.73420717276534	26.71677372933518	8
12627.0	2.832778134399609	15.35150997053298	0.20820422630084776	5.248216179672899	0.4849933742066807	26.21903574499147	6.363700940348266	1.5402213823290951	13.484285479837258	31.09983270178052	8
12628.0	2.3775551460891364	34.80666843671832	0.0	4.846215117172761	0.0	11.151325442629364	0.0	3.325833903942092	27.675689272089553	18.19426782744791	9
12630.0	2.71217811833829	29.39721403073102	5.2091417041750745	6.5322830979357445	0.0	0.0	10.07585751978892	3.1720471829892904	37.71729008225982	7.896166382120128	9
12631.0	2.6816933920045645	29.79396462018729	7.07596253902185	2.7471383975026007	0.0	0.0	21.831425598335056	0.0	11.279916753381892	27.271592091571268	9
12633.0	2.6782064308481326	23.94276813015635	0.0	2.841663038974525	0.0	10.56838505635598	2.19549676654621	15.632818113635054	27.555949502525397	17.262919391806484	9
12635.0	2.8777110455328856	19.51125776911966	0.0	17.78581746378829	0.0	5.088856200055663	2.9936786864389937	10.416252534488931	29.23574391391352	14.968393432194974	9
12637.0	2.8596073282513053	23.461508570441698	11.284486852899274	3.5540779759077767	0.0	14.256897370579855	2.606795906912483	5.6890462415267065	17.18854971719702	21.958637364535214	8
12638.0	2.709006929602064	38.929820789931405	0.0	0.0	0.0	11.354531063729992	6.038812562293576	3.32232406339776	25.36887568645078	14.985635834196485	9
12639.0	2.5635997288815306	34.9221524173723	0.0	0.0	0.0	9.491942092324502	4.09724119093144	4.09724119093144	25.648729855230805	21.742693253209506	8
12640.0	2.52051846704064	17.49482193488709	18.27404532566511	8.98871885620061	0.0	0.0	1.5383377908262783	7.540871523658228	39.040600052283374	7.122604516479317	1
12641.0	2.1640552918934515	0.0	0.0	7.196710075394106	0.0	13.570938999314597	10.486634681288553	0.0	46.915695681973965	21.83002056202879	8
12642.0	2.4796520762516643	12.94213817024943	0.0	5.760775909683407	17.69657336013963	1.6404126991140668	5.633740582815987	3.313965048715286	43.07049908313634	9.94189514614586	7
12643.0	2.7049565604952504	5.341855051879907	0.0	0.0	0.0	5.6495837771728405	0.0	0.0	89.00856117094723	0.0	4
12644.0	2.6793461179854976	34.16752108137515	0.0	14.186771567868426	0.0	0.0	0.0	8.252599861898682	27.40683392270511	15.98627356615262	9
12645.0	2.610441896562961	18.41366372809868	0.0	3.6783187631040115	0.0	37.61080935273851	0.0	10.831422651086948	14.645839208425805	14.81994629654606	8
12646.0	2.8283279274683983	20.494888527584134	0.0	12.080447225996124	0.0	0.0	1.7372324550658145	0.9265239760351012	27.57522439252545	37.18568342279339	8
12647.0	2.429594839899604	22.911185280910374	1.3945575069030598	7.007651472187876	2.9285707644964254	13.448182891568509	5.982651704614126	0.5810656278762749	26.877771683044976	18.8683630683984	8
12648.0	2.477193631102115	20.57990334944176	0.0	4.999166805532411	0.0	0.0	0.0	0.0	45.30578236960506	29.115147475420763	9
12649.0	2.27838009951932	31.29005636424295	0.0	1.106214113887377	0.0	29.741356604800615	8.744359185966884	6.268546645361803	22.849467085740372	0.0	8
12650.0	2.3846042753379724	24.35241709288896	0.0	0.0	0.0	7.300775449595776	0.0	0.0	58.03497772644779	10.311829731067482	4
12651.0	2.0569048513364727	31.05263157894736	0.0	6.842105263157894	0.0	13.026315789473687	0.0	0.0	49.07894736842105	0.0	9
12652.0	2.899809562881713	13.95501146124588	0.0	31.723721000528982	0.0	16.1150154915741	0.6347766946270689	1.2695533892541375	30.067507997682558	6.234413965087284	2
12653.0	3.0433328000196997	11.408014118605335	15.601058895400145	2.036337307962079	0.0	6.837568160734892	6.895038124759599	3.746860646650225	32.77145507613639	20.703667669751344	1
12654.0	2.025289476484531	22.368768632778593	0.0	0.0	0.0	39.548662213668436	3.7359900373598998	0.0	24.921695158307863	9.424883957885204	8
12656.0	2.8525800162400774	9.711807954347591	5.498733437803651	0.8340775439365089	0.0	12.700445403025142	1.263753854449256	0.4970765160833741	13.678310052178993	55.81579523817547	8
12657.0	2.5263651274825216	27.49241116600202	0.0	6.638493740451957	0.0	0.0	1.6864075551058468	0.0	61.50427553915443	2.678411999285757	4
12658.0	2.8007514356639858	19.318091923107342	17.585634047939244	0.0	5.695751918360887	3.5598449489755555	0.0	7.879123487065894	43.58832370856736	2.3732299659837035	1
12659.0	1.8673496171887924	40.716612377850154	0.0	0.0	0.0	21.172638436482085	0.0	0.0	38.11074918566775	0.0	0
12660.0	2.3562171342197358	18.89035667107001	6.737120211360633	0.0	0.0	26.155878467635397	6.6050198150594435	15.653896961690887	18.097754293262888	7.85997357992074	8
12662.0	2.5142288873875893	26.281674623576933	0.0	2.6918839515240545	0.4682335659199411	20.29991431019709	0.6940874035989716	3.657118374342025	25.61482433590402	20.292263434936963	8
12664.0	2.6884079558711536	0.6011093199267739	0.0	0.3005546599633869	0.0	13.242165086477772	1.0451105221454138	0.0	0.0	84.81106041148665	8
12665.0	1.640978057358332	0.0	0.0	0.0	0.0	0.0	0.0	0.0	100.0	0.0	4
12667.0	2.6628805497388552	18.79034185990916	0.0	17.57112120487688	0.0	8.506291700171692	3.6946080455523447	3.846738965075089	44.363549431682365	3.227348792732489	9
