CustomerID	Savg	categ_-1	categ_0	categ_1	categ_2	categ_3	categ_4	categ_5	categ_6
12347.0	2.7779352558131514	21.83307811383994	0.0	3.2099293815536054	1.320100827911656	11.975398878887002	12.485096756442788	25.05884870532848	24.117547336036534
12348.0	2.4174384762938805	31.869868951098873	0.0	0.0	23.461322727040947	0.0	2.6005813064096683	0.0	42.06822701545052
12349.0	3.163623461785521	27.22856848821653	0.0	0.6504065040650407	8.006586394977873	9.470001029124216	19.373606394291794	15.696888614455764	19.573942574868788
12350.0	2.4689378056654614	58.69565217391304	0.0	0.0	11.820652173913041	0.0	0.0	0.0	29.483695652173907
12352.0	2.3240800117986447	30.073256889071526	0.0	1.1853865545554407	4.020831193052055	2.586513462039972	19.503560110952183	24.150275404809513	18.48017638551932
12353.0	1.9493900066449128	44.7191011235955	0.0	0.0	0.0	0.0	0.0	55.28089887640449	0.0
12354.0	3.033182413729195	11.423012784880488	3.0572540300166757	0.0	8.143413007226236	10.087085417824717	5.044469149527515	16.240503983694644	46.00426162682971
12355.0	2.662190990859007	37.44013931214628	0.0	0.0	0.0	0.0	16.652154984762735	19.786678276012193	26.1210274270788
12356.0	2.9186296131738843	13.821896495579775	0.0	0.8362044359037238	1.2060640902457556	2.412128180491511	16.34297246555682	43.66555038734759	21.715183944874827
12357.0	3.7929286217507223	38.56197252753451	0.16237976567697712	4.681949910352842	2.1495988027714112	11.03505824246457	10.868490109815763	9.726354654806075	22.814195986577904
12358.0	2.666546059031787	9.995043423916556	0.0	0.0	0.0	0.0	1.616274809818331	2.1442579143589855	86.24442385190613
12359.0	3.1979714327027784	29.158498454048555	1.5689307340852578	4.58000992071353	1.5381860308112638	5.0047305638800434	9.338782858401624	19.64618234778598	29.164679090273737
12360.0	2.88499538400475	22.375611408912018	0.4430814140378618	0.8757373830395385	15.043048400128578	5.034186771847824	5.066766287585902	21.33697644718209	29.824591887266184
12361.0	2.2427898094786762	10.120068610634652	0.0	0.0	71.01200686106347	18.867924528301888	0.0	0.0	0.0
12362.0	2.6693010708432516	28.332080611071486	0.0	2.4540507898574466	16.731230044776783	12.148193831467099	4.653702597310822	17.25844409753674	18.422298027979604
12363.0	2.4409090820652177	54.96739130434782	3.152173913043478	0.0	2.391304347826087	5.41304347826087	5.434782608695652	20.978260869565215	7.66304347826087
12364.0	2.4800428929991316	31.79207019286483	6.615346411720885	4.827414949093618	17.755152719145766	9.108517506828907	3.9483486466352127	14.725602185249564	11.22754738846122
12365.0	2.506085417638042	20.393526458573703	5.42580061741869	9.354828650721881	0.0	0.0	23.122018148367584	25.117714927188256	16.586111197729895
12367.0	2.17868923977559	21.66998011928429	0.0	0.0	46.52087475149104	22.86282306163022	0.0	0.0	8.946322067594432
12370.0	2.923676542906503	25.133667526986827	0.6079860759267317	0.8940971704804879	0.0	0.0	26.754963729458115	7.939582873866731	38.6697026232811
12371.0	3.1841119851253654	33.63962407392863	0.0	1.29584544098013	3.50009162543522	20.677897327155158	21.800308908610173	5.94910861540878	13.137124008481893
12372.0	2.600624449588904	15.877395404835958	0.0	2.508277315139962	47.607103441356486	11.196949934784792	1.4798836159325777	13.554730611016355	7.775659676933882
12373.0	2.511348515490213	16.913123844731977	0.0	0.0	56.43869377695625	26.64818237831177	0.0	0.0	0.0
12374.0	2.794439246784754	23.657553818246033	5.104907453485946	3.602330920007063	0.0	8.716870274348643	13.561716404732477	26.65146966753889	18.705151461640956
12375.0	2.275886960301226	5.509933774834437	0.0	0.0	21.033112582781456	40.82119205298013	0.0	0.0	32.63576158940397
12377.0	2.737669627356642	23.984632272228318	0.0	15.664105378704724	5.104281009879254	0.0	19.64873765093304	22.096597145993414	13.50164654226125
12378.0	3.602994888945699	25.61080870723589	0.0	4.608568534807488	6.569343065693429	11.437851430167987	9.947064076914245	16.88211903348284	24.944245151698095
12379.0	2.588434186638007	16.47641527686414	0.0	2.2830166776303065	23.410594745192125	23.02364276593275	0.0	9.847927872151066	24.958402662229616
12380.0	2.782393784678972	20.335374407895824	0.6238756209873079	3.404083249434716	16.021885160672728	22.3720477314364	9.682863225998119	4.893627556157059	22.66624304741785
12381.0	2.6916148189730924	18.453902536597933	0.0	0.942494287399733	4.37344471491243	6.848339786141944	12.83758585851737	36.75524304825707	19.78898976817353
12383.0	2.4284749661474083	25.445546400208798	0.0	0.9395622832854854	18.561947727526938	2.324670966779762	8.757130606614222	19.141717311062234	24.829424704522577
12384.0	2.3276347515127846	22.254097396947824	0.0	7.054341947468668	4.162061749006515	12.286312225174594	6.461777223881299	21.73913043478261	26.042279022738494
12386.0	2.155336037465062	0.0	0.0	0.0	0.0	0.0	100.0	0.0	0.0
12388.0	2.6659966391813747	30.93078621622204	0.0	5.29190911510217	0.0	2.3541173678191507	24.78907885178339	20.20059985758776	16.433508591485474
12390.0	2.703153758064621	48.61936455114492	0.0	0.0	12.063227953410982	4.15973377703827	0.0	23.272720069725064	11.884953648680773
12391.0	2.64311695556856	36.20070054132739	0.0	6.650593640540419	0.0	6.093344857389801	20.215621161806855	4.981121775917755	25.858618023017787
12393.0	2.597311170063528	12.226715531404016	0.0	12.454189308732467	23.74573486667509	22.358776696575255	4.322001769240489	14.182358144824972	10.710223682547705
12394.0	2.732586736712126	45.37427809862283	0.0	0.0	11.994669035984007	0.0	1.6381608174144826	27.06574855619725	13.927143491781429
12395.0	2.320179532262942	21.926072645156356	0.0	1.9290389252497417	20.648180043633026	7.822367665633253	5.830175680330693	22.126535767596742	19.7176292724002
12397.0	3.0443241274781463	24.38168766084248	0.0	4.03900853311662	13.129260914713987	10.321007720438848	4.476500067723149	29.17829247370085	14.474242629464088
12398.0	3.157051600346907	15.404761573074408	1.0531741498683533	1.6006575372999179	10.5944304361757	10.315812936210524	4.388225624451472	25.107616009361543	31.535321733558085
12399.0	2.4123135176424073	14.85899482416679	0.0	3.366710201712378	8.997242780438253	15.757751656750349	4.341895225656653	38.15604895274029	14.521356358535286
12401.0	1.8407332346118068	0.0	0.0	21.645021645021643	0.0	0.0	0.0	52.5974025974026	25.75757575757576
12402.0	2.291368850451583	9.969325153374234	0.0	0.0	40.03067484662577	29.9079754601227	5.061349693251533	15.030674846625768	0.0
12403.0	2.592953571547866	2.5274444728108247	0.0	0.0	0.0	0.0	0.0	0.0	97.47255552718919
12405.0	3.143136635571481	17.491495191996485	0.0	10.292076323909116	20.038262645732484	2.852437085997453	7.023209315371943	18.588309754816983	23.714209682175493
12406.0	3.214943141836623	25.891945439305037	0.0	0.5632858340318524	18.87647641545378	6.2491808275546745	10.293073230206504	16.271279433056467	21.854758820391677
12407.0	2.479177828776893	30.28026965337863	0.0	12.54047454748129	2.7668666065077767	4.544429109825362	3.089335952014438	24.022639205902653	22.75598492488986
12408.0	2.7140110484215243	45.194930644101845	0.0	1.3909818013214326	22.92144816660871	13.529229937019432	4.196128433986321	6.752057493914454	6.015223523047795
12409.0	3.7430281678160355	31.156552569092817	1.7889863494920362	1.192657566328024	11.689851206933314	2.9997144850068485	6.085806290726544	23.65148377443592	21.434947757984478
12410.0	2.415874408809005	57.044983495816396	3.3392185460965687	0.0	0.0	0.0	12.930835956091197	11.629692177784603	15.055269824211257
12412.0	2.580879378060805	10.287169256614867	0.0	5.102897942041158	17.741145177096456	2.8769424611507763	3.5620537589248213	16.584418311633765	43.845373092538146
12413.0	2.352921797650702	11.033054795533536	2.4402869185831544	0.0	10.781631294831028	28.225985358278482	2.617762330843748	14.02055756858685	30.880721733343186
12414.0	2.168703680249077	35.26140910015596	0.0	12.795822879229673	19.93625822201125	11.392147555435004	0.0	13.562080423136907	7.052281820031194
12415.0	3.795056753270956	27.46911009947078	0.19904896689546528	4.939642893297042	10.014117135596077	8.274198007153867	7.170491764122566	24.952199473450797	16.981191660013394
12417.0	2.565760774032434	20.369911089518624	2.9965244393407646	4.521966019005168	2.0139905755569223	8.432396438144874	9.00146428801968	26.82942573409753	25.834321416316445
12418.0	2.8251533809021487	53.51640790930033	0.0	5.644799425648392	0.0	10.764605581979723	0.0	22.831972239672147	7.242214843399447
12420.0	2.7784334500919083	37.03759223171604	1.918752810673062	8.74431619447359	0.0	0.0	4.816869035127167	35.21044654308032	12.272023184929795
12421.0	2.203468051862646	24.754318978467698	0.0	7.936905358037054	2.347270906359539	19.139646970455683	25.092325988983475	6.509764646970455	14.219767150726087
12422.0	2.357655386386468	22.25847036105097	0.0	0.0	5.2665457311721	32.52238281935749	18.78401310784715	0.0	21.168587980572298
12423.0	2.3136804516581755	18.87011058846383	0.0	0.34966490446655285	12.440855291456797	16.58133177926709	15.837600077703312	9.39238785053213	26.52804950811028
12424.0	2.9447194954670812	37.706705433399954	0.0	0.0	18.85903143739778	4.863824277666727	2.9256769035071777	19.071983463565324	16.57277848446302
12425.0	2.890532791927745	24.39397838394236	0.0	2.4395265054040145	9.765826042202779	6.433350488934638	2.2388059701492535	14.436438497169327	40.29207411219763
12426.0	2.708191368824399	38.88160084584811	0.0	3.4656276310379273	26.785189826327027	2.4474771405635076	15.242887631429527	9.750748928005013	3.4264679967889107
12427.0	2.2898341214850313	29.744497460366325	0.0	0.0	0.0	4.5790364783746345	21.948591657688166	19.16269047252578	24.565183931045095
12428.0	2.9007766472930405	27.044297832233738	3.5296889726672958	6.864907320138235	2.967326421614829	12.860508953817156	7.873075714734528	17.2593465284323	21.600848256361928
12429.0	2.875234946450165	52.123150739704116	4.398240703718512	1.4660802345728374	2.4710115953618548	1.4660802345728374	14.752321293704743	11.370562885956728	11.952552312408372
12430.0	2.3352572564345317	6.931608133086876	0.0	0.0	0.0	40.38817005545287	9.870609981515711	20.90573012939002	21.90388170055453
12431.0	2.633842766392341	27.214995299223204	0.0	5.832180481230853	4.820172945689047	7.108003474642616	30.409378675274624	12.1010148673237	12.514254256615942
12432.0	3.0373587586563002	23.30959874475835	6.812989181798995	5.226962003248213	3.261059064257728	6.219089215749245	7.294715689602965	12.466393841241294	35.4091922593432
12433.0	3.2827919914180357	28.86278190587928	0.0	5.002946160865597	2.4845782818406983	4.725850606179114	13.275557293703558	19.102594185894926	26.545691565636808
12434.0	2.598210330802737	42.331071707821536	6.242590864378139	10.124347365500546	0.0	4.4568315383257255	2.497036345751255	16.505662471309307	17.84245970691352
12435.0	3.5927256651514874	59.71795261491542	0.0	0.0	7.977123561122826	2.286111299137025	5.371722974396832	11.114332385257008	13.532757165170906
12436.0	2.632467415481234	48.67252511596466	0.0	22.86659984615743	0.0	0.0	0.0	25.384023682431646	3.07685135544626
12437.0	2.392834663142515	22.118266586620088	0.39123894581340607	2.509550502427256	12.312784294679375	2.4283796636694173	16.166937610879145	32.93062703910816	11.142215356803174
12438.0	3.091112746791773	37.388572470964995	0.6129274175568032	0.0	23.433933964367515	2.058090277074001	2.325232584064698	14.133814378661047	20.047428907310945
12442.0	2.158543410440671	40.19158683881716	12.078300708038316	0.0	19.49187838400666	19.575177009579345	0.0	5.414410662224074	3.248646397334444
12444.0	2.9143770106682134	28.402658014478778	0.0	1.169214580105814	2.031510332933852	1.5872087924936422	22.962400007794766	18.043660421112122	25.80334785108104
12445.0	1.8887409606828927	0.0	0.0	0.0	0.0	0.0	100.0	0.0	0.0
12446.0	3.001002063315146	29.621574163681903	0.0	3.2774291386896275	1.4965429857030264	15.33457712683701	15.090141772505513	14.940487473935212	20.23924733864773
12447.0	2.634970735172564	12.236668288952234	0.0	0.0	27.810609747618713	11.610929569630812	0.0	11.610929569630812	36.73086282416742
12448.0	2.562827966219992	32.81160213435489	0.0	25.995348200848262	22.706252565330406	0.0	0.0	6.00902996305924	12.477767136407165
12449.0	2.9537947140695975	47.54232834393222	0.0	5.238732137842054	14.765216375765025	6.421061705257363	1.7351214724062856	10.206351545620624	14.091188419176431
12450.0	1.9953719060281623	0.0	0.0	0.0	0.0	56.85263796240145	5.033353547604609	0.0	38.11400848999394
12451.0	3.250103681719472	18.914445573856025	0.0	6.374079104786408	18.856650684993117	15.606419055671997	7.4359758565787235	9.636004641581735	23.176425082532003
12452.0	2.5422900064254077	9.983647473965055	0.0	3.8557535071865043	11.360702297960234	0.0	7.195111455374817	5.120922626732076	62.4838626387813
12453.0	2.8494746952901906	21.735564072466023	0.0	4.921579996888656	16.928538092746326	16.765899673308915	11.688752492610561	15.54964714534218	12.410018526637346
12455.0	2.6702198688662695	19.939654509244146	0.7436342345268521	4.8421700443616285	2.5941723009068918	4.966109083449437	37.14923115058165	10.705768721205544	19.05925995572385
12456.0	2.930080932874214	19.066600362584136	8.398952186664264	3.3266898730955514	7.09975762464319	1.1832929374405317	17.443194499371543	25.84958631734334	17.63192619885743
12457.0	2.606367927573454	17.31241684458059	0.0	2.0161514898357007	15.30987963736502	14.561094093257838	1.2252854358117515	14.7096135400229	34.86555895912621
12458.0	2.5951654147902294	7.543815087630175	0.0	3.8100076200152397	19.126238252476504	19.933959867919736	24.592329184658364	4.400558801117602	20.59309118618237
12461.0	2.7971844143146423	65.20705717202652	0.7274119448698315	6.412710566615619	4.95150587034201	2.3688744257274115	3.7838182746299123	10.09762633996937	6.450995405819296
12462.0	2.6709829710049373	33.45172196802441	0.0	0.0	0.0	2.9693149457652064	24.3187320683881	20.483366930108048	18.776864087714245
12463.0	2.4681921975361005	17.79717245955188	0.0	5.991935895472872	25.100801306589087	8.327804147739837	12.951904591775973	14.784191633066227	15.04618996580411
12464.0	2.077844640603975	14.210333838357453	0.0	0.0	0.0	0.0	77.79635337756648	0.0	7.993312784076066
12465.0	2.532875353273346	13.104853486565327	0.0	2.5945850862662896	11.30183673170231	6.229935941599847	18.909687916856004	17.443820636479572	30.415280200530642
12468.0	2.5132442430839226	27.897061529967488	0.0	6.11005459787743	18.089381019569352	7.169805533402859	2.6685479418440585	19.017238206245015	19.047911171093798
12471.0	2.7556366903350704	13.325361126348506	0.12068019747668679	3.823368074602304	6.682611080636312	2.759115011885171	9.294057414518193	47.86893399158894	16.125873102943867
12472.0	2.8647621714795957	16.70390985177061	0.3536206292353694	7.992645419088235	15.279870020525474	11.77620410782471	7.480646438535094	15.887214589012732	24.525888944007797
12473.0	2.9286126039729585	17.974517438228556	0.6011150094096107	3.149371186553882	16.498446137344956	12.884291253973057	14.765820521987841	15.597166508857608	18.529271943644485
12474.0	2.5610138796089585	22.226089505211686	0.07693857736906705	4.002179926358791	19.30654527468904	8.614067547185943	11.063889550397823	12.798060659351398	21.912228959436277
12475.0	2.8256727321935586	20.20526457318713	4.517613313812782	2.9938151722489468	30.25187486928202	1.2698317846365292	4.661029609489379	2.2184708237473485	33.88209985359587
12476.0	2.7600966403553544	26.722124927028606	1.7200400300225172	10.127213465654798	5.4116976621354915	4.137825591415785	17.91951602590832	14.931511133350014	19.030071164484475
12477.0	3.3399301932109413	40.338573929898836	0.0	4.098454336406983	0.09600394987679495	5.291798672097747	9.643215797068985	16.941192247147693	23.590761067502967
12478.0	2.7371846885205064	11.529515192585945	0.0	3.692375318229271	17.289693950438654	11.785930145240755	2.2857561493800254	16.78602172200956	36.63070752211579
12479.0	2.675044735955893	7.10059171597633	0.0	11.28486897717667	19.73795435333897	0.0	0.0	36.51732882502113	25.359256128486894
12480.0	2.8581806530803244	19.444280798300543	0.5302135062360731	5.440059882937175	24.074465541320258	12.191098650901186	8.023897727705906	15.748380769537325	14.547603123061512
12481.0	2.7337007066280745	23.968271551942994	0.0	3.2928534832518666	11.620070989748491	14.930464202796207	20.061296739918117	14.67590733483806	11.451135697504283
12483.0	2.378166154832776	17.966697715308378	0.0	0.0	5.065463793446296	5.243382976273954	22.94843483448283	5.714345519053051	43.061675161435495
12484.0	2.989318530537605	23.7725542043958	1.0254123941150246	6.567815067054079	3.0029568363388526	15.121630000871164	12.797669377527022	18.705192655567007	19.006769464131064
12488.0	2.6179294780053093	27.483810839908095	2.4585027236353705	1.3979721369691323	2.7879099513120056	1.3256632333327978	18.110970064113896	17.202288175083964	29.232882875644762
12489.0	2.4755695021274766	25.574549225571204	0.0	10.096009099120195	11.139731709764826	0.0	3.3118121299300833	24.386980229485165	25.490917606128527
12490.0	2.6866300139469295	16.206817793671927	0.0	0.8963092060996763	12.117458481912289	33.06014695684918	14.037239219494932	6.9819935678085905	16.700034774163417
12491.0	2.627775375229303	14.408576814326105	0.0	0.0	38.38360037700282	8.211592836946275	3.4990574929311964	12.158341187558905	23.338831291234683
12492.0	2.0553974460283735	22.617842524536773	6.733858544958409	4.436424453149069	34.63755996655077	23.78416442938251	0.0	0.0	7.790150081422474
12493.0	2.258625311928395	7.566360704539815	0.0	0.0	14.829515697786597	47.85137407315527	6.880013230794675	14.636566608781939	8.2361696849417
12494.0	2.285377253249845	42.319095998341275	0.0	0.0	14.8455318266639	7.775243624300226	6.381919966825627	17.40617872693344	11.272029856935516
12497.0	2.9791384695468097	0.0	0.0	0.0	50.58231035568146	28.643374252439408	0.0	0.0	20.774315391879135
12498.0	2.0665743775895824	36.51701458392908	0.0	5.061481269659709	9.579639691163855	26.40835001429797	13.683156991707179	0.0	8.750357449242209
12500.0	2.606909936602895	33.21771505987758	0.0	15.735787110746319	0.0	0.5142252504375859	24.92731623864007	2.9978343205798876	22.607122019718563
12501.0	3.3065086613975345	25.072208315435557	0.6221024099062407	3.823954892637963	7.109741827499892	12.587699159174287	9.019003747426426	16.917729424950263	24.847560222969413
12502.0	2.7775529597289337	29.544005581016524	1.6739711669731996	2.683694552834402	1.6923297739888579	2.877294408635888	14.483271971080184	25.68769672916381	21.357735816307112
12504.0	1.6658154279909352	32.379924446842956	0.0	0.0	0.0	0.0	46.14139233675122	21.478683216405827	0.0
12506.0	1.866287339084195	31.360544217687064	1.9727891156462576	0.0	1.1564625850340131	0.0	33.67346938775509	27.823129251700667	4.013605442176869
12507.0	2.5472207190130614	36.6510660426417	0.0	0.0	1.4749680896326762	0.0	15.293339006287523	18.272585448872498	28.308041412565586
12508.0	2.2987221136057077	27.940585101035488	1.5833919774806477	5.0844475721323015	2.701819644113803	5.654971348145169	25.819342515331257	5.240273449281191	25.975168392480143
12509.0	2.2000292665537704	67.82334384858044	0.0	0.0	26.813880126182966	5.3627760252365935	0.0	0.0	0.0
12510.0	2.6098984156416383	33.590728850804716	0.0	0.0	7.611377782142725	6.752028677707256	2.4307303239746116	6.960727745927299	42.654406619443385
12512.0	1.8201357518704302	16.75745195944923	0.0	10.788318958995307	1.2482977757603264	0.0	21.76577394462096	7.830231502496593	41.60992585867755
12513.0	2.7265560649130416	18.701552206310176	0.0	0.0	44.48281686968599	10.604553388764803	16.07575217252576	8.220875016422982	1.9144503462902827
12514.0	3.0076112396102723	19.247700652464424	0.0	11.929093624715037	9.511830830909517	15.063674239446584	11.084034274035059	13.118072478578727	20.045593899850637
12516.0	2.7730766638615685	17.510075375613376	0.0	0.6576395797851712	14.822184375158088	59.212856010657134	0.7992850277389003	3.490548538859755	3.5074110921875796
12517.0	2.7527492868334873	21.668102400989543	1.295695005853378	4.376559980562365	12.057959490203874	12.930444194111276	16.829015086254493	12.160890597044592	18.681333244980447
12518.0	2.566057834238463	23.751554954397058	0.0	4.0871534964066285	17.93154398144376	8.873425354040707	6.537055446007094	14.596200750723836	24.223066016980916
12519.0	2.4422288405687183	27.6332899869961	0.0	6.2635457303857835	10.078023407022108	0.0	19.722583441699175	11.1616818378847	25.140875596012137
12520.0	2.6714061323048126	17.283677000843888	1.4064937389718097	5.013510864098606	12.401865095939916	5.160553391354749	7.985474755568434	19.331190916607696	31.417234236614856
12521.0	2.7369380365230915	18.267116258613104	0.0	0.0	9.181205101891218	17.904266236622192	16.471191907344963	8.281410350388505	29.89481014514001
12522.0	1.8940944273226987	0.0	0.0	0.0	11.294027565084228	0.0	34.20750382848392	11.064318529862174	43.43415007656967
12523.0	2.188997474756191	30.84887955429263	0.0	2.9651070438941733	0.0	7.545138459909281	21.735881913435342	19.782088164869364	17.122904863599192
12524.0	2.6930362761924838	24.440152874507053	0.0	0.5018095556704478	29.13232565919528	11.95143091755117	9.34683657228592	14.952404123962165	9.675040296827953
12526.0	2.5920508566899834	13.013149591526957	0.0	3.2439070148210054	17.106407654392576	12.266982757150412	10.258728020056965	17.56775194856139	26.543073013490698
12527.0	2.0423260725773407	47.17123764022859	0.0	1.5239938314535393	11.913761301442353	7.710683075806597	3.0479876629070786	14.360013304708053	14.27232318345378
12528.0	2.4364886432252306	25.18072509653923	0.0	1.0443927941777544	0.0	8.07635292179865	7.973255735924795	37.23394520598086	20.49132824557872
12530.0	2.5627774570153883	19.71087074020101	0.0	4.435459042302087	5.144940922121193	40.04433406539275	9.757599392459102	5.246197738141664	15.660598099382197
12531.0	2.0976736994490977	0.0	0.0	0.0	20.65165309056061	31.823989777990736	13.983389234946491	10.182079540009584	23.358888356492574
12532.0	2.4966944568153013	49.469457986808145	0.0	6.309148264984227	0.0	17.55090335531976	16.269955071216902	4.76053914539719	5.6399961762737805
12534.0	2.991748687131003	18.605148902342076	0.0	6.604292790313703	6.757169938237631	7.517478953912635	17.1038953097291	7.664241015919607	35.747773089545234
12535.0	2.5540952695617247	49.44510365045019	9.99511412019264	2.1358274586445165	5.528024010609337	0.0	6.40748237593355	12.479932993648355	14.008515390521389
12536.0	3.631414341520933	27.25301480707803	0.6449035098172535	7.430410004416182	5.441490194429059	12.134233394318763	9.143142876503308	16.42377637737135	21.529028836065976
12538.0	2.561041723716013	32.119796675367496	0.0	10.22118422860283	0.0	4.780876494023905	7.006456930897101	17.763429042450888	28.108256628657784
12539.0	3.14366653381827	31.26850862463746	0.9051155189598357	1.7779054836711055	5.123600348397639	4.71234746379089	10.449953756498784	32.08383093735129	13.67873786669301
12540.0	2.8303672952931045	24.355099718468054	0.21336574768530497	5.55138881704857	9.11709068875572	13.218608448914146	17.263136310231957	14.895053609298687	15.386256659597583
12541.0	2.447767683577912	26.474714092108716	2.0685227894148697	1.961530231341687	1.2125823248294065	11.370931310777719	11.669321667181817	24.076891985068595	21.16550559927721
12544.0	2.4766867429456445	12.492492492492492	0.0	12.812812812812812	0.0	0.0	21.561561561561565	20.7007007007007	32.432432432432435
12545.0	2.619296858467023	15.37140042528142	6.271098883936616	17.948317495404794	1.8020399091771884	2.126407092829083	11.292783430843716	36.677518951453045	8.510433811074137
12546.0	2.708208375304485	20.43269701419481	2.3612334801762116	1.4684287812041115	9.045521292217327	6.216348507097406	27.45961820851689	5.345080763582965	27.671071953010273
12547.0	1.8802417758954804	19.76284584980237	0.0	0.0	20.158102766798418	0.0	0.0	46.640316205533594	13.43873517786561
12548.0	1.8273692730538251	0.0	0.0	0.0	0.0	0.0	0.0	77.67857142857143	22.321428571428577
12550.0	2.916364448344225	28.99749039195958	0.0	5.943042808821216	17.979462434683526	14.012584411333256	12.554102057393651	14.36659675327038	6.146721142538468
12552.0	2.502181223319241	25.78503555471651	0.0	0.0	0.0	23.692656220502176	14.165250770876597	19.86973758731358	16.487319866591154
12553.0	2.510349265500455	18.53674804078381	0.0	0.774423042482106	15.1488016204833	25.635317149085697	10.609719194451818	8.614993175937304	20.679997776775952
12556.0	2.4768026552655167	32.592234305157135	1.4510641136833684	4.049636400026689	7.877443458536264	0.905664153712723	27.49349522983523	8.130962705984391	17.499499633064257
12557.0	3.453737140475222	0.0	0.0	0.0	4.639010250673646	10.926957794240769	0.0	30.529700218802986	53.90433173628261
12559.0	2.3981223740603856	10.475600247895885	0.0	0.0	3.430559165150636	44.58127586413706	1.7392695068071409	15.063673257231965	24.709621958777316
12560.0	2.976421056232798	39.71894779629522	0.0	2.397706816730102	8.244690678927947	11.571495689723434	4.96750795804277	18.189736632335784	14.909914427944743
12561.0	2.3781252456193727	28.46975088967972	0.0	0.0	21.477915009420137	17.584257902449234	0.0	20.033493824576095	12.434582373874816
12562.0	2.684555564408168	13.077495613957362	0.0	1.6498608871325027	20.04583931430057	32.90477118739184	13.119140867284553	4.181360647893814	15.02153148203938
12564.0	2.6051972673883776	4.393149664929263	0.0	0.0	25.912137006701407	4.095309009679821	4.393149664929263	23.34326135517497	37.862993298585245
12565.0	2.1178345185437473	21.636044827323317	0.0	0.0	45.28474498742089	0.0	29.236868186323093	0.0	3.842341998932682
12566.0	2.466422722433792	19.40553467714383	0.0	0.0	0.0	7.174581482746839	23.409634437991112	8.660744789887257	41.349504612230945
12567.0	2.9162275299906053	22.823865772463233	5.270929090313741	2.7105036564512424	9.998847884351846	14.744806383933447	9.589998423420694	12.855943097614519	22.00510569145131
12569.0	1.9902541968583234	29.674112093678794	1.112179968616071	0.0	7.2982016561254595	5.603085979820966	11.835128907411018	25.126638308208086	19.35065308613962
12571.0	2.4146475049029603	27.193472027097247	0.0	4.503377533149862	9.29543311329651	3.1754585169646465	19.237505051865824	12.586362849059874	24.008390908566042
12572.0	2.651626860492614	31.966500133821025	0.0	2.5559818003390125	5.767686680346149	11.39151574627531	2.609510215005798	29.614595414399137	16.094210009813537
12573.0	2.205583258640754	15.105269714712847	22.050579294879785	3.139404509779494	0.7786221502429301	0.5232340849632491	30.52821726672481	5.886383455836552	21.98828952286035
12574.0	2.261143867700667	12.935050698821597	0.0	0.0	0.0	0.0	8.22143052891203	17.84050424773911	61.003014524527266
12576.0	2.417298937524483	26.601019143368674	0.0	2.2861864756920527	0.0	4.786607293149093	34.653935025784634	11.082801573092166	20.589450488913375
12577.0	2.296182372555435	40.919203155020725	0.0	5.662857720699766	7.783901304479723	6.133077156436444	20.63909394276468	1.281727171604813	17.580139548993827
12578.0	3.074196360856032	31.587998027488716	0.0	0.0	6.66101887794454	18.565208778518173	9.37364337164557	14.315458503504578	19.496672440898422
12579.0	2.5737068733922692	20.054974380871055	0.0	7.525619128949618	13.957087959009392	7.338812980358668	0.0	5.217228864218617	45.906276686592655
12580.0	2.579440597139797	15.643929417961546	0.0	3.950487226757967	19.699762970766393	16.407690281801422	0.0	25.651830392415064	18.646299710297605
12581.0	2.254572244187353	15.608480329419622	0.0	0.0	9.849201491291527	5.8427466473763285	68.69957153191253	0.0	0.0
12582.0	2.2447223227699977	8.691939890710382	0.0	0.0	0.0	0.0	7.257513661202185	20.776411657559198	63.27413479052822
12583.0	2.6193527560116663	39.52308716632233	0.0	0.35830238799618364	17.153898426077824	3.5066615415239517	6.191012238566239	18.265013350539167	15.002024888974308
12584.0	2.33372708539613	41.47262656189617	0.0	3.292541543217828	0.0	1.0264073167589849	22.640731675898493	20.559062218214606	11.00863068401391
12585.0	2.8221680793680175	36.230421686746986	1.8975903614457834	0.0	9.745481927710841	0.0	16.164156626506024	6.076807228915663	29.885542168674696
12586.0	2.294333933583456	11.729460749466844	0.0	9.139839545039099	0.0	0.0	34.83294404387124	15.080735249314515	29.21702041230832
12587.0	2.0170333392987803	20.0	0.0	0.0	0.0	80.0	0.0	0.0	0.0
12588.0	2.2427898094786767	0.0	0.0	0.0	0.0	0.0	0.0	90.28016009148084	9.719839908519154
12589.0	2.458396087426251	50.358460360548484	0.0	3.027771977448319	0.0	0.0	10.832115264147005	24.244797104475538	11.536855293380665
12590.0	3.97040546018514	22.57725403211129	0.0	1.8145303738467824	7.474366413096304	14.595461425974648	4.509027690054658	11.086941162113026	37.94241890280324
12591.0	2.566849787794398	23.003931137318705	0.0	0.0	0.0	4.0666937779585215	22.936152907686058	22.407482716551456	27.58573946048531
12592.0	2.3027637084729817	6.349601593625498	0.0	0.0	54.432270916334666	39.21812749003984	0.0	0.0	0.0
12593.0	2.1050557829687464	5.495943470295734	0.0	0.0	41.76917037424758	25.909447788537033	10.363779115414811	6.1240512954723885	10.337607956032452
12594.0	2.5520216324390126	24.26548054684529	0.0	1.1221175605164233	28.55851531378771	14.656102137633953	4.017180866648795	5.330058412453011	22.05054516211482
12596.0	2.3524430166587527	19.754813778399626	0.0	0.0	7.861949496968487	5.538898882892487	40.12703489017701	0.0	26.717302951562395
12597.0	2.9024407746082965	15.164839979719702	1.032792734146631	4.827836580892707	5.7335645119897825	8.083950400911359	27.904181871670797	12.490845700765513	24.761988219903465
12598.0	2.599989060664154	20.903010033444822	0.0	2.0052535633800797	13.922660657126043	15.676360400189473	2.9497466519298947	10.85915856861929	33.68381012531041
12599.0	2.1035984939779375	28.238312813702766	0.0	0.0	4.8166737941434645	0.0	5.658466317045174	25.780458709401515	35.50608836570709
12600.0	2.413350065548239	5.980484885920549	0.0	0.6601551943790294	5.810137821873913	3.4310697602594287	8.279928965756861	0.0	75.83822337181022
12601.0	1.981872947188907	28.165401618149964	0.0	1.050963383101176	6.8813078655434134	0.0	20.143464842772538	2.126949703895237	41.63191258653766
12602.0	2.1850319204327686	37.23876698014629	0.0	40.36050156739811	0.0	15.608672936259138	0.0	0.0	6.792058516196446
12603.0	2.7876021461823375	0.0	0.0	0.0	0.0	0.0	0.0	100.0	0.0
12604.0	2.072213122603382	8.400372597171648	0.0	0.0	0.0	0.0	12.70217630620713	40.28283512575155	38.61461597086967
12609.0	2.5073385464626496	14.92874540083951	6.840441519407162	3.1714774317251386	18.71586256931129	17.765455770326994	5.923200497486655	18.9542415919573	13.700575218945948
12610.0	2.6299164898074414	14.226343647969802	0.7385740830837227	0.6154784025697688	9.586808832408162	7.494182263670947	32.29796188723263	13.293747325599798	21.74690355746517
12611.0	3.0767569194447915	15.048771494653574	0.0	4.223510877216506	19.543793785405423	6.796165320282908	10.667716957731372	17.479804243622834	26.24023732108739
12612.0	2.7836106174281454	0.0	92.75169110749025	2.3107687749962964	0.0	2.4687700587567267	0.0	0.0	2.4687700587567267
12613.0	2.8859305754226674	21.214032372896234	0.0	3.512969639437847	24.430515957256592	7.711238186883743	8.529825781933207	16.241714157534226	18.359703904058154
12614.0	2.4991369945373827	49.79404309252219	0.0	0.0	9.600760456273765	0.0	16.159695817490498	0.0	24.445500633713564
12615.0	2.718748659947389	15.101830220859073	0.0	4.133404038811574	8.307893693357983	14.437294273334	21.316746210329686	5.400369770541614	31.302461792766067
12616.0	2.472171146692363	14.708361429534724	0.0	2.528658125421443	23.11193526635199	0.0	0.0	8.159136884693188	51.491908293998634
12617.0	2.54775009877109	37.424216669499664	0.0	8.47073488582922	0.0	13.218879256615098	23.463085727236653	13.825145900617592	3.597937560201709
12618.0	2.137702167146962	0.0	0.0	12.890539654795719	0.0	39.108586410312434	14.682106183089358	10.814944286650645	22.503823465151847
12619.0	2.5606253675839485	35.65100505017516	2.392731048091832	1.039600386412313	13.613814583970765	7.79012723416105	6.314609754504421	29.018052055651633	4.180059887032842
12620.0	2.6379597939394266	18.340353380747427	1.3809929339194882	5.339839344488687	9.175930827598378	16.30875933129253	18.031931625505408	5.962820601345702	25.459371955102387
12621.0	2.7902839908969144	22.03130388430727	0.18962774075564764	4.274998041593845	15.711369650737394	14.21181580717398	6.63057796842599	15.971049804744652	20.97925710226121
12622.0	2.2097830148485147	0.0	0.0	9.253547193090688	10.919185687847012	12.831585441085751	6.292412091301666	29.51881554595929	31.184454040715615
12623.0	2.4299136977637548	3.7904124860646595	0.0	0.0	27.38758825715347	37.68115942028985	7.357859531772573	9.884801189149012	13.89817911557042
12624.0	2.454181483093286	19.7406567919456	0.0	4.462952225326375	11.3330873438406	4.907490380053766	9.751726319118655	10.331558694850033	39.47252824486497
12625.0	3.0732453165538542	17.00585447449122	0.21288998149884683	5.514864282636794	10.365714575360519	9.488810603948602	22.24362386057395	19.522518184352588	15.645724037137477
12626.0	2.806756388651972	29.43139753625828	0.08738394320043694	4.6313489896231586	15.095576187875482	17.43465709604432	4.598233249243626	12.273976402867723	16.447426594887002
12627.0	2.8327781343996086	17.095281602339725	0.0	1.4941715063943193	26.15436996176391	20.105179876204215	4.965303378052336	6.4384095156679795	23.747284159577518
12628.0	2.3775551460891364	40.748452369307294	0.0	4.569528094912034	8.412403404088819	14.692360363885356	19.5190117522114	8.279649529771802	3.7785944858232834
12630.0	2.71217811833829	27.260204873506126	1.6878783175539342	0.0	0.0	6.681670029489367	24.655634021418592	16.302576439546794	23.41203631848517
12631.0	2.6816933920045645	34.79708636836627	0.0	0.0	0.0	0.0	4.1207075962539	15.671175858480742	45.41103017689905
12633.0	2.6782064308481326	15.374771193152315	2.5962037731494836	11.756869450286631	12.468071938446366	26.465543917802613	3.9352155373617324	3.0000576934171805	24.40326649638367
12635.0	2.8777110455328856	18.527942326296408	3.279926847692126	8.730568918220493	9.374627281040041	13.584860652804839	14.195788441405272	11.212048927232011	21.094236605308854
12637.0	2.859607328251305	25.87401234834421	3.134579681360909	2.792280126074005	14.886403868572174	15.695349941712367	4.518975864599975	13.507706921117398	19.590691248219
12638.0	2.7090069296020642	20.825108952686197	0.0	7.895405421251148	3.048720905235592	2.990091657057984	28.34724149387325	13.512087396665951	23.381344173229884
12639.0	2.563599728881531	16.45725211690795	0.0	0.0	9.505599562960938	13.52089593007375	17.945916416279704	22.780661021578805	19.78967495219885
12640.0	2.52051846704064	36.32186450562047	0.0	1.6589917352048102	1.5081743047316456	6.670152225059825	9.929819622353154	27.411570713265903	16.499426893764205
12641.0	2.1640552918934515	11.651816312542836	0.0	0.0	22.61823166552433	18.848526387936943	10.178204249485951	10.486634681288551	26.216586703221385
12642.0	2.4796520762516643	18.739367695468705	0.0	21.010538408854913	5.991648808077237	1.6901221748447957	8.765437553851934	30.19574486887745	13.607140490024964
12643.0	2.70495656049525	46.21454215489012	0.0	15.287805262950252	3.329782617272261	0.0	16.096579476861166	2.31980115990058	16.75148932812561
12644.0	2.6793461179854976	15.628465610679832	0.0	0.0	12.1947647046515	0.0	7.85922035529702	39.543010190203184	24.774539139168454
12645.0	2.6104418965629606	24.937775107590824	0.0	0.0	35.39155703233242	8.919923000527225	9.214188501575546	15.408477298642703	6.128079059331283
12646.0	2.8283279274683983	22.81416809580021	0.0	2.6637564311009156	2.2717655181629883	0.0	8.7752511191786	18.214956532068275	45.260102303689024
12647.0	2.429594839899604	22.420765890982796	1.3945575069030598	6.710610723217523	13.448182891568509	6.2290235308336666	12.795065125835572	10.74692500069728	26.25486932996161
12648.0	2.477193631102115	17.18046992167972	0.0	10.898183636060658	0.0	0.0	13.197800366605566	9.53174470921513	49.191801366438916
12649.0	2.2783800995193197	26.28048673421011	0.0	9.797896437288195	26.45432038067813	0.0	16.635353198363507	9.854085090692	10.977858158768063
12650.0	2.3846042753379724	20.392674476159048	0.0	10.39432436891602	62.4071935324204	6.8058076225045365	0.0	0.0	0.0
12651.0	2.0569048513364727	17.89473684210526	0.0	0.0	0.0	0.0	0.0	33.026315789473685	49.07894736842104
12652.0	2.899809562881713	34.660822690747885	0.0	0.0	11.72573616463891	12.972618957656367	6.6122572356986336	11.603566840474572	22.424998110783655
12653.0	3.0433328000196993	23.18166391384031	0.0	0.0	16.526008552616695	1.5385659660157929	4.262732764667285	38.55465303074869	15.936375772111228
12654.0	2.025289476484531	8.556926676478357	0.0	0.0	27.604815276048157	7.556888939205253	21.80837012717461	30.737008943733716	3.7359900373599
12656.0	2.8525800162400774	14.252615970478708	0.926752826596121	1.263753854449256	21.441690397155703	26.854769407046692	2.8240686134092705	7.700473486444133	24.7358754444201
12657.0	2.5263651274825216	20.62575640338869	0.0	2.9998214392000477	0.0	29.7898934587227	6.684125944884232	34.55845882189553	5.341943931908815
12658.0	2.800751435663986	20.117079344988525	4.746459931967407	11.581362234000471	7.483585159401946	0.0	14.960841705561268	18.264377818210583	22.846293805869784
12659.0	1.8673496171887924	40.71661237785016	0.0	0.0	0.0	0.0	38.11074918566775	21.172638436482085	0.0
12660.0	2.3562171342197353	23.447820343461032	6.737120211360632	0.0	26.155878467635397	7.85997357992074	0.0	29.194187582562748	6.605019815059444
12662.0	2.5142288873875893	21.816011751744398	0.853837679030481	0.9181050312155709	21.51058881136002	15.086301872934262	8.99926551597503	6.0172603745868525	24.798628963153384
12664.0	2.6884079558711536	0.4508319899450805	0.0	0.0	0.0	0.0	0.0	13.692997076422852	85.85617093363206
12665.0	1.6409780573583321	0.0	0.0	0.0	0.0	0.0	100.0	0.0	0.0
12667.0	2.6628805497388552	22.285006411231613	0.0	3.2599482754873628	0.0	3.2273487927324895	25.571034272922873	20.342077239041146	25.314585008584533
12668.0	2.956698164326324	28.686963919405144	0.0	2.032917051828336	5.634715741480714	11.14200588514755	13.041604825968303	16.24934169579164	23.2124508803783
12669.0	2.8536160895093894	21.798239162866924	0.7060158433317223	1.4036267361475907	21.614731076604112	16.03664558424912	7.726250761698639	11.688484517380735	19.026006317721134
12670.0	2.7378523326643633	15.276777060512408	0.0	4.3450432492730835	11.383793866466728	20.189089845107258	17.656675749318804	5.442276393028913	25.706343836292817
12672.0	2.353916230920363	37.25099601593625	0.0	6.772908366533864	0.0	15.405046480743689	0.0	0.0	40.57104913678619
12673.0	2.458275156139176	12.323330780477619	0.0	1.8972359534916106	11.644503237485203	22.053192230035506	16.129986771565832	16.97939149202813	18.972359534916105
12674.0	2.6541163527735883	18.237006237006238	0.0	4.184615384615384	16.455162855162854	0.0	8.389189189189189	24.24282744282744	28.491198891198888
12676.0	2.2598287198031617	21.05113662393828	0.0	21.74291499830491	6.010683623635913	5.8769092625001145	13.606501800456297	27.08655934175684	4.6252943494076355
12678.0	3.307442015165827	20.63224612913675	0.0	0.19398964649543846	14.264828506994093	15.400314571147392	19.636678946519204	17.211500445252423	12.660441754454679
12679.0	2.3582728175247705	15.640236219609733	0.0	0.0	9.236230566116289	3.5663025495502403	33.38409790623527	20.970516374313856	17.2026163841746
12680.0	2.2960121611161	25.897497502560675	0.0	4.415725648385833	35.56100706870172	0.0	0.0	8.478648474349086	25.647121306002713
12681.0	2.714056353237439	24.628723868689566	1.2749336454989049	2.402863578236497	11.00132515830426	13.742046152597965	11.87320591723749	10.46749498719271	24.609406692242608
12682.0	2.5406543296574777	14.879455202457075	1.4745996486778752	2.8562548346512058	8.090736038718918	14.541339929477395	22.119987726564545	12.30689943826194	23.73072718119106
12683.0	2.739403551198266	25.21137539784737	0.0	1.530649432687869	9.084586603173062	13.072778736120899	7.722794528535679	24.720899438761872	18.656915862873248
12684.0	2.538580016957034	16.813992853112655	0.8275343238668422	1.9096945935388663	36.85807014751908	3.5782661323379776	0.0	22.890293832554505	17.12214811707006
