CustomerID	Savg	categ_-1	categ_0	categ_1	categ_2	categ_3	categ_4	categ_5	categ_6	categ_7	categ_8	categ_9	categ_10	categ_11	cluster
12347.0	2.777935255813152	40.36951706542976	0.4168739456563124	14.284880537822973	12.891131979512036	1.3256591471870738	0.2834742830462925	19.02334772011639	4.085364667431862	0.7086857076157311	2.4117547336036527	0.2167744517412825	2.431764682995156	1.5507710778414818	1
12348.0	2.4174384762938805	12.814236907857834	0.0	0.0	0.0	0.0	2.6005813064096683	73.93809596654938	0.0	0.0	0.0	5.3235429095915565	5.3235429095915565	0.0	2
12349.0	3.1636234617855217	54.29659359884737	0.0	5.831017803848924	3.6739734485952456	0.0	0.0	3.752872971767692	8.078625090048371	0.0	6.139068985626564	0.0	13.696957222736785	4.530890878529039	1
12350.0	2.4689378056654614	44.76902173913043	0.0	13.451086956521735	0.0	23.02989130434783	0.0	0.0	0.0	0.0	0.0	0.0	13.654891304347824	5.095108695652174	1
12352.0	2.3240800117986447	58.53280754854159	0.0	0.0	6.211425545870509	3.366497814937452	1.1853865545554407	7.6220355457914835	2.5130194956575345	0.0	12.213432800436225	1.5647102520131817	2.7880291763143967	4.002655265882205	0
12353.0	1.9493900066449128	100.0	0.0	0.0	0.0	0.0	0.0	0.0	0.0	0.0	0.0	0.0	0.0	0.0	0
12354.0	3.033182413729195	42.80155642023345	0.0	0.0	23.718732629238467	0.0	0.9338521400778209	1.5703168426903835	2.7515286270150083	1.4730405780989435	3.2147489345932923	3.844728552899759	14.827682045580875	4.863813229571986	1
12355.0	2.662190990859007	34.43622115803222	0.0	0.0	17.56639094471049	0.0	0.0	42.44666956900305	0.0	0.0	0.0	0.0	0.0	5.550718328254246	1
12356.0	2.9186296131738843	26.14947958334506	0.0	0.0	12.971621311956511	0.0	1.2060640902457556	2.026187671612869	8.366868615398221	0.0	12.875538206100268	0.5306681997081324	19.885986741335433	15.987585580297734	1
12357.0	3.7929286217507214	32.351590854539644	1.6044667322844168	4.270201218814792	4.886213345748085	0.4832731121338605	3.0098249423696832	15.353586772492747	6.372761438671841	2.012832512037529	5.573105529127679	1.752348304597378	21.94639856822287	0.3833966689595293	1
12358.0	2.6665460590317873	7.277546710342004	0.0	0.0	1.9265995733034504	0.0	0.0	0.0	1.616274809818331	84.62814904208781	0.0	0.0	4.551429864448419	0.0	2
12359.0	3.1979714327027784	53.74697109205503	6.4953732391129675	2.4817631611894075	10.771739595532825	2.885406250049524	1.796346451601656	10.637033421394193	2.8272448783920203	0.0	1.3121966139622154	3.979378861907153	1.0728950575512322	1.993651377251772	1
12360.0	2.88499538400475	60.67044299453534	0.0	2.945188222722257	9.014534807954613	0.0	0.0	1.5169022527649152	0.0	1.38137146729451	2.97125183531272	1.4899698530881036	13.761587447764175	6.248751118563375	1
12361.0	2.242789809478676	90.5660377358491	0.0	0.0	0.0	0.0	0.0	0.0	0.0	0.0	0.0	0.0	9.433962264150944	0.0	0
12362.0	2.669301070843252	52.360578436474135	3.1446540880503138	5.838114021281288	4.056892863337636	0.8094513076493148	2.7645545983472632	6.634716895475851	1.2161042264921846	2.633928858223961	3.0277333436120792	2.5161515515554096	9.139518997479565	5.857600812020992	1
12363.0	2.4409090820652177	31.44565217391305	0.0	30.5108695652174	0.0	0.0	2.391304347826087	2.391304347826087	0.0	0.0	3.5869565217391304	0.0	26.521739130434785	3.152173913043478	1
12364.0	2.480042892999132	55.09891565267775	0.0	5.612118202135585	7.188974422647132	0.0	9.783958281599206	0.0	0.0	0.0	3.104047678172337	3.6255276881052887	13.930965979637447	1.6554920950252463	1
12365.0	2.506085417638042	55.24026318251271	0.0	0.0	18.99030216096542	0.0	0.0	10.146870809816331	0.0	0.0	5.519348903925911	0.0	4.6774143253609415	5.425800617418691	0
12367.0	2.17868923977559	70.57654075546719	0.0	0.0	0.0	6.560636182902585	13.916500994035784	0.0	0.0	0.0	0.0	8.946322067594432	0.0	0.0	0
12370.0	2.9236765429065033	44.97666406385047	1.0550346611669756	0.0	0.0	0.8940971704804879	4.470485852402439	2.5332753163613817	4.606388622315472	6.157945245489278	30.88330839795669	0.0	2.2888887564300484	2.1339119135467643	2
12371.0	3.1841119851253654	39.542919971727	1.2958454409801299	0.0	3.3377837116154865	2.945103274954841	0.0	8.505458258069579	9.241079609413855	0.0	5.2291944815309295	7.012618131364694	20.54700384826827	2.3429932720751854	1
12372.0	2.6006244495889046	71.01936390087289	3.912912611618341	5.518210093307916	0.0	2.5082773151399618	5.26738236179392	0.0	0.9782281529045852	0.0	0.0	1.6654961372529349	6.646934885120898	2.4831945419885626	0
12373.0	2.511348515490213	71.5033887861984	0.0	0.0	0.0	0.0	12.01478743068392	0.0	0.0	0.0	0.0	0.0	16.481823783117687	0.0	0
12374.0	2.7944392467847536	62.70367457017642	0.0	5.210858362897918	4.09355786364439	0.0	0.0	2.119018188239449	3.1785272823591737	7.724784486218356	4.7517377554460385	5.137013789671392	5.080827701346863	0.0	0
12375.0	2.275886960301226	37.56291390728477	0.0	16.52980132450331	0.0	0.0	0.0	0.0	0.0	8.423841059602648	0.0	22.039735099337744	15.443708609271527	0.0	1
12377.0	2.737669627356642	47.4972557628979	6.476399560922066	0.0	1.8660812294182216	10.592755214050495	4.588364434687158	1.811196487376509	12.78814489571899	0.0	3.2381997804610325	0.0	2.9088913282107574	8.23271130625686	0
12378.0	3.6029948889456986	40.322355324276174	0.9579356486771003	6.916345275930368	9.962530746241846	2.058064870204708	2.1269164949533748	7.34217760725636	0.8142453013755355	0.11674840718252162	13.02193772420434	0.8396904670435209	10.204259820087707	5.3167923125664185	1
12379.0	2.5884341866380067	37.37956119645553	2.766706651704524	0.0	6.410504456396962	2.2830166776303065	4.3648183260457385	0.0	3.9082149905196775	0.0	0.0	16.432560719214745	22.58509718943879	3.869519792593739	1
12380.0	2.782393784678972	56.12858769743683	0.8252323028932645	2.935351301391341	0.0	1.2378484543398969	3.2555414349139284	6.018419185000577	0.8768093218240935	0.0	2.054828434204228	2.7480235686345704	20.651438379903947	3.2679199194573267	1
12381.0	2.6916148189730924	61.10346417504629	0.0	1.9595744536584367	5.846176795655032	1.0170801662587046	0.7119561163810931	1.071324441792502	2.6647500355978058	0.0	14.799194472508324	5.424427553379758	4.389039944128396	1.01301184559367	0
12383.0	2.4284749661474083	65.44871555870402	0.0	0.0	11.901122254949478	2.79631631930204	0.0	3.075947951232244	1.85488982513702	0.0	0.0	1.85488982513702	8.370306849110772	4.6978114164274265	0
12384.0	2.3276347515127846	48.64674206974392	0.0	4.1973334587438575	7.6774754861617325	0.0	0.0	0.0	0.0	4.1973334587438575	13.403249700190468	0.0	12.133468149646108	9.74439767677005	0
12386.0	2.155336037465062	0.0	0.0	0.0	0.0	0.0	0.0	0.0	100.0	0.0	0.0	0.0	0.0	0.0	2
12388.0	2.6659966391813747	43.45515093538943	0.0	7.002654046161704	2.319593190105946	0.0	0.6235929599447613	8.877029194507777	13.207655736407899	1.0875115979659504	16.463717246984526	2.140499018218696	1.4327533750979982	3.389842699215294	2
12390.0	2.703153758064621	79.26075588305206	0.0	4.456857618255289	3.565486094604232	0.0	4.15973377703827	0.0	0.0	0.0	0.0	0.0	8.557166627050156	0.0	0
12391.0	2.64311695556856	51.83096028749491	0.4435245416913069	6.87576763862985	5.663467224673611	0.0	1.1372424145930946	14.693171996542786	1.2395942319064732	0.0	17.03589137060456	0.0	1.08038029386344	0.0	0
12393.0	2.5973111700635285	53.97763174522936	1.048906862125616	1.0425881460887148	0.0	12.454189308732467	4.170352584354859	0.0	2.198913180841653	0.0	0.0	0.0	14.596234045242007	10.511184127385317	0
12394.0	2.732586736712126	58.551754775655276	0.0	1.8325188804975563	9.04042647712128	0.0	9.828964904486897	0.0	0.0	0.0	0.0	0.0	3.6872501110617497	17.05908485117725	0
12395.0	2.3201795322629417	59.58347686301529	0.0	0.8296015616029396	6.5736594327706985	0.0	0.4822597313124354	9.114134803077278	0.0	0.0	1.4448654648447967	5.5689516592031225	8.977781605235965	7.425268878937497	0
12397.0	3.0443241274781463	53.256580432525176	0.0	4.701340918325885	12.217255858052285	1.3707165109034267	1.5278342137342549	6.183123391575241	1.5711770283082758	0.0	4.7586798501061	5.046728971962618	3.773985281502552	5.5925775430042	1
12398.0	3.157051600346907	42.6967387821629	0.0	15.173509048103313	0.0	0.0	4.6222643244222175	1.7413593747823302	4.555396124430575	5.4121449368234815	0.0	6.8303080116462125	12.706351085911706	6.26192831171726	1
12399.0	2.4123135176424078	55.13084699850046	0.0	0.9635756784211288	7.792773182411842	1.683355100856189	3.6085715667779215	0.0	0.0	1.9155420113191115	1.9271513568422576	2.554056015092149	15.651332656121516	8.772795433657429	0
12401.0	1.8407332346118068	0.0	0.0	0.0	36.7965367965368	0.0	0.0	0.0	0.0	25.75757575757576	0.0	0.0	15.800865800865802	21.645021645021643	1
12402.0	2.291368850451583	90.03067484662577	0.0	9.969325153374234	0.0	0.0	0.0	0.0	0.0	0.0	0.0	0.0	0.0	0.0	0
12403.0	2.592953571547866	0.0	0.0	0.0	0.0	2.5274444728108247	0.0	0.0	0.0	0.0	0.0	0.0	97.4725555271892	0.0	1
12405.0	3.1431366355714814	61.20800638669724	0.0	0.0	0.0	0.0	0.9493739166708618	0.7163457734880139	4.3584893447162285	3.4306921079697053	10.941534389631679	3.2710246765296063	10.481951107243283	4.642582297053344	0
12406.0	3.2149431418366228	49.481673397851104	0.0	0.0	3.3833727044121007	0.0	6.392135944524879	6.689019279128248	2.9078716756839134	0.0	4.71599481825802	1.2125276232568771	19.730854225405775	5.486550331479082	1
12407.0	2.479177828776893	43.99583311216095	0.0	0.0	2.5240193216200435	0.0	2.746961091353045	18.225489675672808	2.862413079250491	4.568315728011041	1.2819151759647542	2.6275280004246517	15.47454748128882	5.692977334253412	1
12408.0	2.7140110484215243	64.16483134345657	0.1112785441057146	1.9087361384799657	2.354623082570225	0.0	0.0	15.168656543410222	0.9041381708589312	0.0	0.1112785441057146	9.967543757969166	2.5675205749391443	2.741393300104323	0
12409.0	3.743028167816036	50.43532001170973	0.0	0.8099229109518493	11.726353756690626	7.880213810974617	0.7589639058451062	2.8623781591872586	1.4214309722327632	0.5638017586277932	9.638841604232852	1.7889863494920362	11.192187731529165	0.9215990285262003	1
12410.0	2.415874408809005	44.54786213249406	0.0	0.0	4.893682352038075	22.453366085821763	0.0	15.899669916327625	0.0	6.102709756659246	0.0	0.0	6.102709756659246	0.0	2
12412.0	2.5808793780608053	70.14734705305894	1.732465350692986	0.0	9.624807503849922	0.0	2.48845023099538	0.0	1.5224695506089874	0.8714825703485928	0.0	2.43595128097438	2.8874422511549764	8.289584208315834	0
12413.0	2.3529217976507018	41.573615322043906	0.0	0.0	2.662131183908896	2.218442653257413	0.0	0.0	0.0	2.639946757376322	2.6177623308437483	2.4402869185831544	33.09176957775641	12.756045256230125	1
12414.0	2.168703680249077	81.5555706245338	0.0	4.475486539635178	0.0	3.933003322709703	2.98365769309012	0.0	0.0	0.0	0.0	0.0	7.052281820031194	0.0	0
12415.0	3.7950567532709565	52.293459445235754	4.9774104189478185	7.783436583539369	6.593719449642509	1.2759524497875054	1.4017987826064513	4.688495259862937	3.0831990857565685	0.5378506029859588	1.6370362847976008	2.243560945460952	5.946798284463048	7.537282406913509	1
12417.0	2.565760774032434	36.232125324028935	1.2332634597286822	6.969467386466718	12.656748465215518	1.3198976697096223	3.811905239161381	7.594592666329189	3.2445360992862016	2.8674224793691674	5.016290628896416	3.609079265206002	6.6504496485369025	8.794221668065273	1
12418.0	2.8251533809021487	65.7841993478716	0.0	8.21143318675402	8.906937090550125	0.0	1.5704926859912058	3.715336982859196	0.0	0.0	0.0	2.0820245894283413	2.2884321995871857	7.441143916958332	0
12420.0	2.7784334500919083	52.75737437332398	0.0	8.664368160695544	2.1236196472293005	11.692399940038971	0.0	0.0	8.577757790769331	5.296557237795431	3.117973317343726	0.0	5.296557237795431	2.4733922950082445	0
12421.0	2.203468051862646	40.18840761141712	0.0	7.689659489233849	0.0	3.9434151226840255	7.060590886329492	1.5491987981972954	9.670756134201302	2.225212819228843	17.412055583375064	0.0	5.683525287931897	4.577178267401101	2
12422.0	2.3576553863864684	45.26303470068465	0.0	11.052431388612561	0.0	2.63327286558605	0.0	1.4570776522909474	21.329510211247005	0.0	0.0	8.49961963836386	7.607232722804143	2.1578208204107905	1
12423.0	2.3136804516581755	52.52813276165895	0.0	0.0	3.2441132803285733	0.0	0.34966490446655285	6.568704991050245	7.681527425106496	1.6942097156891311	2.0813387170628146	7.4539677253742935	16.10886789049383	2.2894725887690957	1
12424.0	2.944719495467081	40.948687079774665	0.0	4.8723423587134285	24.123205524259486	1.4310376158459022	0.0	1.18401326549155	0.0	0.5621933490823185	6.332909322187897	0.0	0.8432900236234779	19.702321461021253	1
12425.0	2.8905327919277455	28.23468862583633	0.0	4.6706124549665455	9.109624292331448	0.0	2.1230056613484307	21.873391662377767	2.238805970149253	0.0	5.604734945959857	1.0936695831188885	12.950334534225426	12.101132269686053	1
12426.0	2.7081913688243993	63.72838877684885	0.0	0.0	5.873945137352417	10.338143441740256	0.4894954281127015	7.195582793256714	6.989994713449378	0.0	0.0	2.447477140563508	2.9369725686762087	0.0	0
12427.0	2.2898341214850317	75.21933199938431	0.0	4.5790364783746345	11.50531014314299	0.0	0.0	0.0	0.0	0.0	0.0	0.0	4.463598583961828	4.232722795136216	0
12428.0	2.9007766472930405	44.237197612315434	0.0	4.488532830662899	4.006754633993088	5.799560163367894	4.169651272384544	7.293905120955074	2.8265786993402453	1.4263273641218976	1.8284637134778516	4.613572101790764	15.346842601319516	3.962613886270814	1
12429.0	2.8752349464501648	35.273890443822474	0.0	0.0	1.1328801812608291	9.793415966946554	3.4777200231018703	37.035852325736364	1.4634146341463414	0.6006486294371141	2.1484739437558313	6.693322670931628	0.586432093829135	1.7939490870318535	1
12430.0	2.335257256434532	90.12939001848429	0.0	0.0	0.0	0.0	0.0	0.0	0.0	0.0	9.870609981515713	0.0	0.0	0.0	0
12431.0	2.633842766392341	57.28584655091673	2.12339270968503	2.3208968295673498	7.139639881175801	2.367368387186719	1.8710164044598392	11.792336482675045	0.5308481774212576	1.0482910978369275	3.1116282561369264	1.6032687378682422	6.1038603565440885	2.7016061285260293	0
12432.0	3.0373587586563	48.019645265775395	1.0253892808970206	3.922630134975179	1.376361450868484	2.518741455089325	2.142994779002229	7.386473119660863	4.115320738096768	1.1396272813191046	2.300817558701816	8.494902874760282	14.725691162841912	2.8314048980116167	1
12433.0	3.282791991418036	38.25994003389388	2.511380524051623	4.437178985790639	1.1845131012905743	14.383730934689089	0.5256159561986702	6.835614652587665	7.260800417155519	5.26022682831443	0.5047581801590405	3.97966366836136	11.710806935210528	3.145769782296961	1
12434.0	2.5982103308027367	32.26978081569855	3.8401392286932183	12.338890710520346	2.8564582440033304	14.414709814109518	0.6356092516457741	5.675082603980126	0.0	4.6006002976265545	2.4970363457512548	8.739627210129392	10.457285544934043	1.6747799329079125	1
12435.0	3.5927256651514874	67.55126828090816	0.0	0.0	0.0	0.0	0.4980912886387932	22.839401319814204	1.7241621529804378	0.0	0.0	0.0	0.0	7.387076957658409	0
12436.0	2.632467415481234	58.0639145940654	3.07685135544626	16.167455304072163	10.384373324631127	0.0	0.0	3.07685135544626	0.0	0.0	0.0	9.23055406633878	0.0	0.0	1
12437.0	2.3928346631425153	51.44949532424489	0.0	0.5059124299311286	17.79687503513281	0.0	0.5666219215228641	3.1568935627702417	1.5492162854335447	0.5504327237650678	5.601012724259737	0.3129911566507248	15.717912223069165	2.792636613219829	1
12438.0	3.0911127467917727	58.71333887346211	0.0	6.826519650566511	4.611143766341692	0.0	0.0	5.577963799987839	2.0430913918560107	0.0	0.0	1.6020430913918555	4.390214240833452	16.235685185560534	0
12442.0	2.1585434104406707	34.11078717201166	0.0	12.286547271970012	12.494793835901707	0.0	13.785922532278216	0.0	0.0	0.0	0.0	0.0	27.321949187838406	0.0	1
12444.0	2.9143770106682134	50.37707170208415	0.5943507448871223	2.119201426441788	9.818966609180283	2.8061149922539537	0.7292975943410015	16.397503726871474	3.526643477244161	6.015121841902702	3.2823263472762174	0.9646020285872966	0.4823010142936483	2.8864984946362284	0
12445.0	1.8887409606828929	22.48062015503876	0.0	0.0	0.0	0.0	0.0	0.0	77.51937984496124	0.0	0.0	0.0	0.0	0.0	2
12446.0	3.0010020633151466	42.00596621803634	2.2448144785545394	5.796609831289722	10.878869810737198	1.4965429857030264	0.0	9.302511199130011	5.028384431962169	2.484261356267024	0.0	0.0	9.14387764264549	11.618162045674493	1
12447.0	2.634970735172564	41.113351410229676	5.4230689007856485	0.0	22.906672228788608	0.0	0.0	0.0	3.4415629562678163	3.68490579155948	0.0	7.091705485642773	11.74998261836891	4.588750608357088	1
12448.0	2.5628279662199915	55.747708304829644	4.104528663291831	5.417977835545216	2.5283896565877684	0.0	0.0	19.066903817211653	0.0	0.0	0.0	0.0	8.373238473115336	4.761253249418523	0
12449.0	2.953794714069597	47.78841528352831	0.0	7.227448286984643	0.4921738791921676	6.289815337472786	0.940969721574178	20.870396992456115	2.010405167547668	0.4421222982573708	0.0	1.1812173100612022	5.671956377266572	7.085079345658999	1
12450.0	1.9953719060281625	0.0	0.0	0.0	0.0	0.0	41.69193450576107	30.382049727107333	5.033353547604609	0.0	7.731958762886598	0.0	15.160703456640391	0.0	1
12451.0	3.2501036817194717	59.76238879543757	0.34407073914490555	2.3111209060079707	2.5396018674270717	1.976720128812889	3.058181687340896	5.9349953674135785	1.3778571364319192	0.1146902463816352	1.9762703631408038	5.785335840027348	12.140187462332127	2.678579460101288	1
12452.0	2.542290006425408	55.7764581002381	0.0	0.0	0.0	0.0	0.0	26.164041655908424	0.0	0.0	9.954958831798491	0.0	0.0	8.104541412054967	0
12453.0	2.8494746952901906	46.733796263559114	0.0	5.324640427668332	2.121370688314076	1.4001046542872904	11.362061406610193	2.1637981020803574	2.460789998444328	2.8002093085745803	5.876196806629991	2.8002093085745807	10.23207795330156	6.724745081955622	1
12455.0	2.670219868866269	36.33721675655809	0.0	2.2779140632345527	5.357585496568172	0.0	4.641303325840009	1.7778841469147733	5.128511962254153	6.034549075585718	27.140940056242684	0.8889420734573865	7.850897062217397	2.5642559811270766	1
12456.0	2.930080932874214	40.103919902579975	0.4542090693021234	2.2710453465106166	17.38289432982626	1.867739017733732	0.9961274761246568	6.382028983237334	3.5749386230417133	5.313462991749838	5.1920795335742715	8.94400306982681	3.2914495142703872	4.226102142222256	1
12457.0	2.606367927573454	53.73804882576814	0.0	1.5712119805687061	6.807141310065288	0.0	0.6237816764132554	2.6300318697979517	0.0	12.150747238466536	0.0	11.801107707540455	4.2142393019586	6.4636900894210845	1
12458.0	2.595165414790229	62.270764541529076	0.0	0.0	0.0	1.90500381000762	0.0	5.067310134620269	2.0066040132080265	0.0	17.045974091948178	1.2649225298450597	8.553467106934212	1.885953771907544	0
12461.0	2.7971844143146423	56.06655181214904	0.0	0.0	0.0	16.031776416539053	0.0	13.045558958652375	4.7856049004594166	2.884124553343542	1.6271056661562016	0.0	0.0	5.559277692700356	0
12462.0	2.6709829710049373	46.039313559231644	0.0	1.8494224554442775	12.45960387802771	0.0	0.0	1.3438709883851154	11.162661717808422	2.783732761654881	14.957497413581633	1.0622980193901386	6.7577512558794375	1.5838479505967433	1
12463.0	2.4681921975361005	56.67330168937886	0.0	2.722060599874104	12.548699365419619	1.4750165875567802	2.432841661137481	7.781690739890096	4.297453172051242	1.6842749961721017	5.187226730635088	3.6662753704554336	0.0	1.5311590874291836	0
12464.0	2.077844640603975	14.210333838357453	0.0	0.0	0.0	0.0	0.0	85.78966616164256	0.0	0.0	0.0	0.0	0.0	0.0	2
12465.0	2.532875353273346	39.04190914554597	0.0	4.983948753279878	0.0	2.5945850862662896	0.0	0.0	2.198800920564652	1.4951846259839632	19.642621557044226	5.980738503935852	17.465808645685218	6.596402761693955	1
12468.0	2.5132442430839226	75.28525857309367	0.0	0.0	2.277467640022085	0.0	0.0	1.5643212072878965	2.6685479418440585	3.0366235200294467	0.0	1.3036010060732472	13.864180111649597	0.0	0
12471.0	2.7556366903350704	33.516547814957036	1.0532089961601754	2.645675626257085	29.852258182483087	0.0	0.28041689522764673	10.478186140062173	3.543828853538124	1.7202413603949531	1.8133479612360581	5.422709818979703	2.473651490217589	7.199926860486378	1
12472.0	2.864762171479596	55.16072216887321	0.0	5.5120672470838805	10.823203338688462	1.372157267882418	4.654184510779287	6.6245841430502415	1.3917270066946714	3.4918330473724217	0.4778657151829317	4.361321093902889	3.3996732308728563	2.7306612296167523	1
12473.0	2.9286126039729585	53.560525995277516	0.0	7.92450309790317	0.0	0.0	2.7835946677562693	2.286594349518912	1.5228246905043472	4.781025195755263	5.5019703214197335	11.047943833070756	5.133836488859728	5.457181359934308	1
12474.0	2.5610138796089585	66.02444326390544	0.04396490135375259	2.426312993460221	4.029047366074973	0.4579677224349229	2.552101461222347	4.491900077549201	0.8362490611661691	0.0	3.391556296445561	3.99408916326244	8.90045002961525	2.8519176635097434	0
12475.0	2.825672732193558	63.63799336699635	0.0	5.7366518270638505	0.0	0.0	0.0	0.0	0.0	0.0	2.577011562938839	0.0	18.79351041262064	9.254832830380352	0
12476.0	2.7600966403553544	45.42695215856339	5.293032274205653	2.6401745753759758	4.391314319072638	1.0893586856809274	1.1463458705139968	17.672455730686906	2.6825674811664304	4.961359908820505	4.477837544825287	2.6304450560142327	2.3861646234676006	5.201991771606483	0
12477.0	3.3399301932109413	61.57563815958906	0.1348626914935929	4.62563793100821	1.246146508123001	3.837872186741398	0.12571945817199334	10.639066293013196	0.720029624075962	0.2925834662911846	4.405895556845766	3.319374663795691	8.391430961730997	0.6857424991199638	1
12478.0	2.7371846885205064	60.31245993516365	0.0	0.0	0.0	2.747303064158684	0.9230938295573178	0.0	0.0	0.0	8.51663949889192	0.0	13.242000769244859	14.258502902983567	0
12479.0	2.6750447359558933	56.855452240067635	0.0	0.0	8.571428571428571	0.0	0.0	2.7895181741335597	0.0	4.945054945054945	3.592561284868977	4.1842772612003385	6.973795435333897	12.08791208791209	0
12480.0	2.8581806530803244	57.02151696509946	0.0	3.984225281827538	3.4547048651421	2.0896649951657	4.9015293020934765	2.2456101440586624	5.3270862861836035	1.7881710406393054	2.096595890672054	7.959440399496817	7.837110093809668	1.2943447358115905	1
12481.0	2.7337007066280745	45.23034742512153	0.0	4.899123475082046	3.9953658187592023	0.0	5.015901149775446	15.787603103609033	4.334621118757818	2.2663177183580965	0.9693008571389008	8.682166248944156	4.731803684266402	4.087449400187399	1
12483.0	2.3781661548327757	55.13192184114957	0.0	0.0	4.662529173513066	0.0	0.8163350741504359	13.186951197814734	3.1711477880459236	0.0	6.875006541146427	1.7268626568566914	13.150320777820804	1.2789249495023496	0
12484.0	2.989318530537605	57.39849647178193	0.6046909670443423	7.1783992087772415	1.8409765246667795	0.6282636657596302	2.9009792918966286	3.3101705945957027	2.6532097304000697	0.7020564617379228	5.539840423078698	5.229808189975454	8.118488682542369	3.8946197877432214	1
12488.0	2.6179294780053093	60.700914305914885	8.062442755451286	5.640094483634084	0.7423714106663668	0.0	0.0	0.0	1.6390018157569135	2.5549145951504832	4.0975045393922835	0.0	7.520125978178782	9.042630115854934	0
12489.0	2.4755695021274766	29.414913190379014	0.0	0.0	0.0	6.723982203191383	0.0	13.548322349713981	0.0	0.0	0.0	0.0	26.243602181112628	24.069180075602983	1
12490.0	2.686630013946929	45.60477208519465	2.0802768764159154	4.205821894554036	2.884815213387846	0.6172928416664437	1.4732722487772456	1.0321136312662942	0.0	0.0	2.19756251633254	13.654106129100626	22.961853360027817	3.2881132032765903	1
12491.0	2.6277753752293034	61.3807728557964	0.0	4.205937794533458	7.0688030160226205	0.0	0.0	0.0	0.0	0.0	9.389726672950042	0.0	9.177662582469367	8.777097078228085	0
12492.0	2.055397446028373	60.13379692795211	0.0	13.203644205800805	0.0	0.0	6.839487698604814	0.0	0.0	0.0	6.073676334668367	2.2182122265745345	3.7410325249768936	7.790150081422473	0
12493.0	2.258625311928395	40.273987706386606	0.0	0.0	0.0	0.0	19.37760136718212	0.0	8.186554204911934	8.2361696849417	0.0	14.829515697786595	9.096171338791036	0.0	1
12494.0	2.285377253249845	24.592577234086665	1.3684428778768403	1.03255235330707	8.131868131868131	22.21231598590089	7.240306862948373	0.9703504043126684	4.565623056189093	0.0	5.183495749533485	6.332158407630106	14.928467758656435	3.4418411776902342	1
12497.0	2.9791384695468097	5.508341202392193	0.0	0.0	0.0	0.0	28.643374252439408	0.0	0.0	0.0	0.0	0.0	28.07680201447907	37.77148253068933	1
12498.0	2.0665743775895824	58.521589934229354	0.0	5.104375178724622	3.6459822705175866	0.0	0.0	0.0	0.0	0.0	17.086073777523588	7.14898484415213	8.492993994852732	0.0	0
12500.0	2.606909936602895	46.91934574725828	0.0	0.0	0.22843467855977376	9.767807521533182	0.0	22.343828802547392	0.0	0.14709808846652098	19.637965645797692	0.0	0.955519515837149	0.0	2
12501.0	3.3065086613975345	43.802921906398296	0.0	3.2512256898671383	10.732747767096713	1.6145038733281003	5.702605424140537	0.9953638558499848	3.011765635260371	2.6439352421015228	2.2316689625207995	3.4585931598358846	13.448767891615939	9.105900591984758	1
12502.0	2.7775529597289337	34.192071084526354	0.0	1.9359985580148669	21.588720471849577	3.0141494791162504	2.753791052348733	12.799287018462081	4.559610396979839	2.840577194604572	3.428052619105635	2.0227847002707056	7.493649590936855	3.3713078337845097	1
12504.0	1.6658154279909352	35.24015110631408	0.0	0.0	0.0	0.0	0.0	0.0	0.0	0.0	0.0	0.0	64.7598488936859	0.0	1
12506.0	1.8662873390841952	55.10204081632652	0.0	21.63265306122448	0.0	0.0	0.0	4.0136054421768685	8.095238095238093	0.0	1.700680272108843	1.1564625850340131	0.0	8.299319727891152	0
12507.0	2.5472207190130614	44.729352810476044	0.0	0.0	2.411005531130336	0.0	0.0	0.0	13.387226398146836	0.0	8.140689263934192	0.0	20.235427598922133	11.09629839739044	1
12508.0	2.298722113605708	38.00894742133306	6.7733990147783265	0.7414295767568112	0.0	5.308133105458934	0.0	1.884990449381723	9.63607117723937	0.0	13.066753795114105	2.4881873931838747	16.248617673670456	5.843470393083343	0
12509.0	2.2000292665537704	73.18611987381703	0.0	0.0	0.0	0.0	0.0	0.0	0.0	0.0	0.0	0.0	5.3627760252365935	21.45110410094637	0
12510.0	2.6098984156416383	36.57758080950685	0.0	1.8414623666474332	0.0	23.659108486686225	2.0256086033121767	0.0	2.504388818640509	9.354628822568962	5.2543059528340095	0.0	13.25852903986152	5.524387099942301	2
12512.0	1.8201357518704304	49.19049780602208	0.0	6.279316084127704	2.2318051142381594	1.0969889544560445	0.0	0.0	0.0	1.2482977757603264	14.230594643667724	0.0	21.97760629444696	3.74489332728098	0
12513.0	2.7265560649130416	63.430244561647164	0.0	3.716285966328196	3.3784417875710875	0.0	9.009178100189567	0.0	3.2658270613187184	0.0	0.0	0.0	15.953752885752358	1.24626963719289	1
12514.0	3.0076112396102723	53.462778083484004	4.775567958493828	0.972800880433928	0.0	0.0	1.6213348007232131	18.483216728244635	0.0	1.5623771716060058	0.0	2.9478814558603883	6.416555302256111	9.757487618897883	0
12516.0	2.7730766638615685	44.62506112675581	0.0	17.048041414430973	0.0	0.0	0.0	0.0	0.0	0.0	3.0251420670117875	0.0	35.30175539180143	0.0	1
12517.0	2.7527492868334877	52.59956265323701	0.4607602765445187	3.764716276809577	5.6210103151989035	1.451196077132065	1.2939279482252108	2.165529123318533	3.410421222362113	0.21867338148565366	7.572283701102201	3.8826673734897166	12.933094780553526	4.626156870540941	1
12518.0	2.5660578342384626	71.59526098789173	2.172862039556953	3.194107198148721	5.8145788178544064	0.0	2.806251324087805	4.628196144256312	0.0	0.0	0.0	4.0415233935759325	4.334859768916123	1.4123603257120196	0
12519.0	2.4422288405687183	57.52058951018638	0.0	0.0	7.224389539083947	0.0	0.0	0.0	5.4182921543129625	0.0	19.43360786013582	0.0	10.403120936280887	0.0	0
12520.0	2.6714061323048126	46.440718419953434	1.6622198733303208	6.663796851158862	12.010604110371391	0.7543920963576072	2.290027533180465	1.4908833633101182	2.186458448765268	4.449634737838089	3.2332307587394387	4.8524033994527445	12.291902858165756	1.6737275493764536	1
12521.0	2.7369380365230915	46.55658994282364	0.0	6.304060988124907	4.123295704442163	0.0	3.8117578067732	5.442750329863657	4.590602550945609	8.356545961002784	10.53364609294825	10.280750623075797	0.0	0.0	1
12522.0	1.8940944273226987	54.16666666666667	0.0	0.0	0.0	0.0	0.0	0.0	0.0	9.073506891271057	34.20750382848392	0.0	0.0	2.5523226135783563	2
12523.0	2.188997474756191	39.98129158650875	0.6824452720073891	5.071274348882494	14.000129429275725	3.750507421592333	1.8531919024338583	4.373532889743906	6.309677191620041	0.0	8.054619154356176	0.7342169822976049	11.350359166240134	3.8387546550415643	1
12524.0	2.693036276192484	52.47990227385623	3.254665815111057	1.7639366199324835	6.280729499305576	0.0	1.6073112131626166	1.6590128037468448	2.3209959145605867	0.2585079529211398	2.204920774915605	11.173119227922914	12.500887037093356	4.496010867471589	1
12526.0	2.592050856689984	63.10610066003787	1.9954633056469908	6.7999249569355165	0.0	1.279143144645507	1.7737451605751031	0.0	3.453686490542869	3.351355038971228	2.5838691521839245	3.5474903211502062	7.005440622175227	5.103781147135573	0
12527.0	2.0423260725773407	58.5165250521605	0.0	0.0	4.490338967675607	0.0	3.9914124157116495	0.0	0.0	0.0	10.280910767742132	0.0	18.20325965347283	4.5175531432372775	0
12528.0	2.4364886432252306	42.46811002726891	0.0	0.0	11.390713932761116	1.8301275598909248	4.026280631760034	1.0340220713383723	3.2789785448045734	1.400047583316557	5.7343996876582315	0.0	21.666270139028697	7.1710498221726064	1
12530.0	2.5627774570153883	39.68788270629366	0.0	2.8461375313861916	3.263479813632725	0.0	0.3448205086102501	0.0	0.0	3.7766055704932167	1.7241025430512509	20.79869734474525	23.781668411294238	3.7766055704932167	1
12531.0	2.0976736994490977	62.7056380769845	0.0	0.0	0.0	2.9947292764734064	0.0	0.0	1.9964861843156043	0.0	8.385241974125536	0.0	23.917904488100945	0.0	0
12532.0	2.4966944568153013	57.22206290029634	0.0	13.526431507504064	0.0	0.0	0.0	0.0	0.0	0.0	24.49096644680241	0.0	0.0	4.760539145397191	0
12534.0	2.991748687131003	38.46898632259117	0.0	4.443629099655516	0.0	3.026967528893781	4.555739008133063	5.953036140157767	7.796734544120344	8.354226543549602	7.603090156750035	2.017978352595854	15.741250331233823	2.0383619723190445	1
12535.0	2.5540952695617247	32.2258672436658	4.048300411809869	2.1358274586445165	0.0	11.139805960773364	0.0	2.219585398199204	3.5597124310741948	9.99511412019264	2.847769944859356	0.0	23.53598101486703	8.292036015914007	1
12536.0	3.631414341520933	42.118040708365726	3.6525839367620674	6.99136156421813	6.823826848080822	3.654920543681696	1.5164578908383968	8.979814052821329	3.3107383444205314	0.31590925553366905	1.7281544777566689	2.410911019671892	11.567606216309038	6.929675141539956	1
12538.0	2.5610417237160132	49.124879791180106	5.3578788295095485	9.561752988047811	0.0	7.583459266382746	0.0	0.0	7.006456930897101	0.0	0.0	5.539222420662179	12.611622475614778	3.2147272977057284	1
12539.0	3.14366653381827	41.728698806648296	3.08170283836325	3.4139377014735066	17.953612829653313	4.213097237063043	1.9736546732874192	7.206623146892707	5.091274794149077	0.7111621934684421	1.2926629971176382	3.356470049476057	8.093600438190848	1.88350229421642	1
12540.0	2.8303672952931045	38.80531807198647	0.0	6.135604554758334	6.079538317163104	5.566906325971138	2.290495156320429	11.293698413519447	1.4098765249647165	8.636417376654277	4.809781203124193	2.1744833038993288	6.562613148502563	6.235267603136017	1
12541.0	2.4477676835779123	37.878931976509186	0.0	5.97493996528686	10.073943745690581	0.0	2.4964930217076016	4.244038136902923	3.6377469744882194	0.0	6.319693763522673	1.2125823248294063	19.401317197270505	8.760312893792053	1
12544.0	2.4766867429456445	57.41741741741744	0.0	5.905905905905907	0.0	0.0	0.0	0.0	7.841174507841176	22.9295962629296	5.905905905905907	0.0	0.0	0.0	0
12545.0	2.619296858467023	53.51457850286524	0.0	1.6867093549898486	6.883792453056861	0.0	1.8020399091771884	1.5137135237088386	3.111522243179279	2.3786926801138892	8.962145148307885	0.0	11.785341006018815	8.361465178582153	0
12546.0	2.7082083753044848	67.78658835046501	0.0	0.97503671071953	0.0	1.4684287812041117	0.0	0.0	0.0	0.0	12.922173274596185	3.8766519823788546	6.31424375917768	6.656877141458639	0
12547.0	1.8802417758954804	52.96442687747036	0.0	0.0	26.87747035573122	0.0	0.0	0.0	0.0	0.0	0.0	0.0	0.0	20.158102766798415	0
12548.0	1.827369273053825	74.10714285714286	0.0	0.0	0.0	0.0	0.0	0.0	0.0	0.0	0.0	0.0	0.0	25.892857142857146	0
12550.0	2.9163644483442255	56.46618091000574	0.0	3.794721336517832	2.9206018209812963	2.1095255992143853	4.313616139083208	2.4223173259944493	7.019628287040971	5.001030515378932	1.51546379253907	5.539323254488809	6.788065419541002	2.1095255992143853	1
12552.0	2.5021812233192406	57.34377949782898	0.0	0.0	0.0	3.1307029135988933	3.30375684349632	0.0	0.0	4.2539802403876426	5.348939651374994	6.229941476307345	20.388899377005856	0.0	1
12553.0	2.510349265500455	58.735417811729974	0.5465425778282806	2.525829540471941	2.0379553749529107	0.0	3.773305254837055	0.4631716761256615	0.8491480728970461	2.1444848604618127	1.9292644216220889	4.790430255609008	19.43468353023276	2.7697666232314564	1
12556.0	2.4768026552655167	38.576622856761645	0.0	11.575155113750089	2.9771832677296697	2.752018146640871	2.148242044165723	8.236039762492497	7.2653279071319	1.1491760624457945	18.97558209353527	0.49202748682367103	3.3024217759690457	2.550203482553874	2
12557.0	3.453737140475222	7.7390123613133825	0.0	0.0	1.905204134039694	0.0	2.638299668629562	0.0	0.0	0.0	0.0	0.0	57.666195290459214	30.05128854555816	1
12559.0	2.3981223740603856	46.6823933947742	3.5385138241938394	0.0	0.0	0.0	0.0	3.1586733571899805	0.0	0.0	0.0	44.52130105355751	0.0	2.0991183702844807	1
12560.0	2.976421056232798	54.25511135980911	0.0	4.299190734357102	4.389461070257773	0.0	0.0	13.443945288785892	4.927915705454756	0.0	1.794848783989949	10.684629231751929	6.204897825593489	0.0	1
12561.0	2.3781252456193727	76.32405275277371	0.0	0.0	0.0	0.0	13.188193426836927	0.0	0.0	0.0	0.0	4.270462633451959	6.21729118693741	0.0	0
12562.0	2.6845555644081682	48.75389132065664	0.451895302060997	9.314064281368328	0.5907128131516302	0.5227808396391928	5.021058911788856	9.215119885165429	0.0	1.0544223714756598	1.3291038295911677	6.240880870946972	11.019452172937083	6.486617401218051	1
12564.0	2.6051972673883776	43.93149664929262	10.014892032762466	0.0	0.0	0.0	4.095309009679821	0.0	0.0	0.0	0.0	0.0	37.043931496649286	4.914370811615785	1
12565.0	2.1178345185437477	82.89242967141877	0.0	0.0	0.0	0.0	0.0	3.8423419989326817	13.265228329648545	0.0	0.0	0.0	0.0	0.0	0
12566.0	2.466422722433792	30.748206354629307	0.0	0.0	0.0	0.0	10.761872224120259	27.427400068329344	10.249402118209767	0.0	6.3956269217628945	0.0	4.270584215920737	10.146908097027671	1
12567.0	2.9162275299906053	42.755314891397965	2.049249912075385	3.0750876214269267	4.7703651600228	0.0	0.5684781158664518	9.9688322398341	2.6892804734588944	2.1588524928144373	5.320651976181527	12.248050499047991	8.682252568005145	5.71358404986842	1
12569.0	1.9902541968583236	53.42682463031203	0.0	0.0	5.807305232678916	2.421867759244996	0.0	7.409419652987068	9.325692955234755	1.5915678861229985	1.1543661053566805	1.6749813837692036	13.065238303733793	4.122736090559574	0
12571.0	2.4146475049029603	47.173841919901456	0.0	0.0	6.928273127922865	0.0	10.219202863686226	2.8867804699678605	0.0	0.0	1.9630107195781452	1.3163718943053444	22.71896229864706	6.7935567059910325	1
12572.0	2.6516268604926143	23.979614595414397	0.0	1.6560353287536795	26.518868766170034	1.32705861361406	0.27879382638950834	23.367383352663037	1.6448835756980993	0.0	3.7135337675082503	0.0	15.807609956285123	1.7062182175037912	1
12573.0	2.205583258640754	17.93945434159711	0.0	0.5232340849632491	6.260122087953159	0.0	3.1394045097794936	7.13217889622524	33.480752460446	4.2107885885137675	25.476516755948683	1.8375482745733156	0.0	0.0	2
12574.0	2.261143867700667	55.60427514387503	10.907097835023293	0.0	0.0	0.0	0.0	33.48862702110167	0.0	0.0	0.0	0.0	0.0	0.0	0
12576.0	2.417298937524483	22.766224425775448	0.7712436303539457	3.0298856906762146	2.6626268190790983	24.57726973633873	0.9564033114508256	6.3971904696322826	10.09196774242911	1.5149428453381075	14.829607186031925	1.5149428453381075	8.385744234800839	2.50195106275536	2
12577.0	2.296182372555435	49.817979573263216	4.967640813024572	6.9774496915764965	1.8808777429467085	0.0	0.4171301446051167	14.725958135301848	4.322985134998483	0.0	10.44342198402265	0.94802305592072	4.512589746182626	0.9859439781575488	0
12578.0	3.074196360856032	57.079756049245354	0.9862556425202624	9.301992320693243	3.268552353737024	0.0	0.0	3.784861397364084	2.528860621846827	0.0	3.088581772815591	1.6564037073096711	15.07074487589616	3.233991258571784	1
12579.0	2.573706873392269	46.207835183603756	0.0	0.0	14.162574722459436	4.723526900085399	5.604184457728436	0.0	0.0	4.243168232280103	4.002988898377455	2.268360375747225	13.45004269854825	5.337318531169942	1
12580.0	2.579440597139797	89.5970503028707	0.0	5.478008954437715	0.0	0.0	0.0	2.6863313141954173	0.0	0.0	0.0	0.0	2.238609428496181	0.0	0
12581.0	2.254572244187353	36.480997162094496	0.0	0.0	0.0	5.5366980134661405	5.8427466473763285	0.0	21.423404373713208	0.0	16.693561849646652	5.6758110288798616	0.0	8.346780924823326	2
12582.0	2.2447223227699977	7.399817850637523	0.0	0.0	30.669398907103826	0.0	0.0	27.851775956284158	7.257513661202185	0.0	0.0	0.0	26.82149362477231	0.0	1
12583.0	2.6193527560116663	54.37839340503956	2.060238730978055	3.0558663435996345	7.42619451289408	0.0	0.0	16.190531756436744	1.3213258561161942	0.3560715781092341	0.6898350573489742	3.3297411574128093	8.253996581712848	2.937805020351851	0
12584.0	2.33372708539613	56.78217184078321	0.0	1.025376787324488	0.6569625144918202	3.0606724204560094	0.0	16.280819270900427	6.005410279531111	0.0	5.472111297178925	3.570784490532011	7.1456910988020095	0.0	0
12585.0	2.822168079368017	54.83885542168675	0.0	0.0	3.840361445783132	0.0	0.0	2.6882530120481927	2.2590361445783134	28.421686746987945	0.0	0.0	5.715361445783132	2.2364457831325306	0
12586.0	2.294333933583456	30.84695846450696	0.0	0.0	0.0	0.0	0.0	12.673910835787547	6.743170508784402	0.0	17.975017771910228	0.0	15.080735249314516	16.680207169696352	2
12587.0	2.0170333392987803	20.0	0.0	0.0	0.0	0.0	0.0	0.0	0.0	0.0	0.0	40.0	40.0	0.0	1
12588.0	2.2427898094786767	19.954259576901084	0.0	0.0	14.579759862778731	0.0	0.0	0.0	28.473413379073754	0.0	9.719839908519155	0.0	18.78216123499142	8.49056603773585	2
12589.0	2.4583960874262507	56.022482076981966	0.0	0.0	11.0931300897891	0.0	0.0	0.0	0.0	0.0	6.1077469200250585	0.0	23.310364028676833	3.4662768845270406	1
12590.0	3.97040546018514	40.46028051890215	1.258930808049449	0.0	2.1581670995133413	5.633073054384524	1.5522531221698137	3.718984376839953	0.4239256802615491	16.892796046785975	5.881005346173854	6.533379865243014	13.521730473190976	1.9654736084853643	1
12591.0	2.566849787794398	48.542768062898226	0.0	0.0	9.556730378202523	0.0	0.0	11.80696760200624	4.7173647824318845	0.0	16.510776738511595	0.0	8.865392435949579	0.0	0
12592.0	2.3027637084729817	71.3894422310757	0.0	0.0	0.0	0.0	0.0	0.0	0.0	0.0	0.0	16.43426294820717	6.349601593625497	5.826693227091633	0
12593.0	2.1050557829687464	85.23946610834861	6.1240512954723885	0.0	0.0	0.0	0.0	0.0	0.0	0.0	0.0	4.318241298089505	4.318241298089505	0.0	0
12594.0	2.5520216324390126	51.155469388009536	4.3014506486462905	0.6508281850995256	0.0	1.870195934194039	7.698973262432125	0.0	3.7871467667429286	0.0	0.0	6.274507359221	15.981135957010428	8.280292498644108	1
12596.0	2.3524430166587527	37.53081484442668	0.0	3.5312146045705917	0.0	0.0	0.0	25.291491771603713	26.148755191329645	0.0	0.7462189353054834	4.419570479934261	0.0	2.331934172829636	2
12597.0	2.9024407746082965	37.195560869048144	1.6440182522643194	6.949130263330848	3.7277558352789466	0.20655854682932626	1.7213212235777184	9.324866519363292	7.082767383779519	1.6618573994904882	19.294759046325442	1.77452569776103	7.622323345497334	1.7945556174535706	1
12598.0	2.5999890606641545	55.19004693757447	3.6818005655475337	2.4222372141760093	0.4575336960110239	1.270328850101196	0.5598059339428998	12.612140611767408	0.0	0.0	2.2428122353481563	6.534657728910387	8.493978497710536	6.534657728910387	0
