CustomerID	Savg	categ_-1	categ_0	categ_1	categ_2	categ_3	categ_4	categ_5	categ_6	categ_7	categ_8	categ_9	categ_10	categ_11	categ_12	categ_13	categ_14	categ_15	cluster
12347.0	599.7016666666667	34.626661590068395	0.7637130684423644	4.085364667431862	1.4629496332898861	12.247756523382462	14.858777003009827	2.1594070384996984	1.5479919182037736	0.0	0.7670480600076149	1.5507710778414818	8.037329672253705	2.876430225028556	3.518416101339277	1.0004974695751498	9.146214367699496	1.3506715839264525	0
12348.0	261.48	52.60823007495793	0.0	0.0	0.0	0.0	0.0	0.0	5.3235429095915565	0.0	0.0	0.0	42.068227015450525	0.0	0.0	0.0	0.0	0.0	0
12349.0	1457.55	51.18589413742238	0.0	5.176494802922712	3.9806524647524952	0.0	4.497272820829473	0.4555589859696065	12.78583925079757	0.0	0.0	1.029124215292786	1.3653047922884292	8.897121882611232	4.472573839662447	5.4337758567459105	0.7203869507049501	0.0	0
12350.0	294.4000000000001	44.56521739130434	0.0	0.0	23.02989130434783	0.0	6.929347826086955	0.0	13.654891304347824	0.0	0.0	0.0	0.0	0.0	6.725543478260867	5.095108695652174	0.0	0.0	0
12352.0	210.90166666666664	51.985522478880355	0.0	1.3276329411020935	4.5123714843410445	2.5604349578397514	8.167313360886986	1.1735326890098865	3.0567167953469627	0.0	0.9246015125532436	1.8492030251064877	1.1735326890098865	11.039900111426336	0.0	1.1853865545554407	5.626634845623159	5.4172165543183635	0
12353.0	89.0	0.0	0.0	0.0	0.0	0.0	100.0	0.0	0.0	0.0	0.0	0.0	0.0	0.0	0.0	0.0	0.0	0.0	1
12354.0	1079.4	44.08004446914952	0.0	5.503057254030017	0.0	1.4730405780989435	18.18788215675375	2.9877709838799333	16.66203446359088	0.0	1.4730405780989435	0.0	1.5749490457661663	1.6397998888271264	0.0	0.0	5.4845284417268845	0.9338521400778209	0
12355.0	459.4	52.437962559860686	0.0	0.0	0.0	0.0	21.44101001306052	0.0	0.0	0.0	0.0	0.0	26.1210274270788	0.0	0.0	0.0	0.0	0.0	0
12356.0	829.1433333333334	25.802535146717695	0.0	5.4996522515206445	0.0	2.4603707441013407	14.949566419959554	11.039506639382815	16.474835472757018	0.0	0.0	0.0	5.4272884061059	9.47443747160724	0.0	8.871807447847777	0.0	0.0	1
12357.0	6207.669999999996	31.345416235076947	0.0	6.1175932354651605	2.020081608719537	10.189008114155557	7.535194364391152	0.16237976567697712	22.162260558309328	0.0	0.0	6.303331201561942	0.0	3.6187490636583464	3.4660347602240478	1.913761524050088	1.3444657979564	3.8217237707545695	0
12358.0	464.03	6.45863414003405	0.0	0.0	0.0	0.0	5.978061763248067	0.0	2.935155054630089	0.0	0.0	84.62814904208781	0.0	0.0	0.0	0.0	0.0	0.0	2
12359.0	1577.5075000000004	42.03878586948081	5.606312489797988	2.5039500604593004	3.6530729647878055	2.9397641532607617	12.911982985817813	0.3684610057321439	2.0237621691180543	0.0	0.0	5.4627315559513985	1.383511647329727	10.26619524788313	1.749595485282954	1.6584707204244666	5.683808159390683	1.749595485282954	0
12360.0	767.3533333333335	56.93205216197665	0.0	0.8236101578586137	0.0	0.0	5.530698591696132	4.89083690260028	18.227153071596746	0.0	1.38137146729451	1.5169022527649152	0.0	0.9904172784375732	2.5107946795478835	3.420414758955024	1.4899698530881036	2.285778824183557	0
12361.0	174.89999999999995	90.5660377358491	0.0	0.0	0.0	0.0	0.0	0.0	9.433962264150944	0.0	0.0	0.0	0.0	0.0	0.0	0.0	0.0	0.0	0
12362.0	466.98300000000006	49.04118565343921	3.1446540880503138	2.1930134501684213	0.0	6.188662114038412	5.230383118871564	3.0052485850662647	9.255154898572325	0.0	0.3404834865509022	3.0386545120486184	2.3713925346318807	1.1259510517513485	3.873588546049856	4.829083713968174	4.689678210984125	1.6728660358085838	0
12363.0	276.0	29.1304347826087	0.0	0.0	0.0	2.8804347826086962	0.0	2.391304347826087	24.130434782608692	0.0	0.0	0.0	2.391304347826087	0.0	33.66304347826087	5.41304347826087	0.0	0.0	0
12364.0	302.025	48.04238059763264	0.0	0.0	0.0	0.0	4.271169605165134	6.953066799106035	17.837927323897027	0.0	0.0	0.0	0.0	4.782716662527936	5.160168860193694	0.0	2.557735286814005	10.394834864663524	0
12365.0	320.69	24.18223206211606	0.0	5.301069568742399	0.0	3.8978452711341167	20.53384888833453	9.354828650721881	0.0	6.1585955283919045	0.0	4.658704668059496	10.196763229286852	0.0	0.0	15.716112133212762	0.0	0.0	1
12367.0	150.9	55.467196819085466	0.0	0.0	6.560636182902585	0.0	0.0	0.0	0.0	0.0	0.0	0.0	0.0	0.0	0.0	0.0	17.296222664015907	20.675944333996018	0
12370.0	838.835	43.67724284275213	1.0550346611669756	4.606388622315472	0.0	5.859316790548795	0.0	1.645138793684097	0.8940971704804879	2.372337825674894	3.7856074198143865	1.4067128815559675	8.458159232745414	15.826712047065273	0.6079860759267317	2.1339119135467643	3.2008678703201463	4.470485852402439	0
12371.0	1527.9600000000007	25.45878164349851	0.0	11.69533233854289	2.225189141076991	0.0	3.3377837116154865	0.0	20.54700384826827	0.0	0.0	10.468860441372811	0.0	5.2291944815309295	0.0	9.686117437629257	8.720778030838504	2.6309589256263255	0
12372.0	398.68	73.44737634192838	3.912912611618341	0.0	0.0	2.5082773151399618	0.0	4.168756897762617	6.646934885120898	0.0	0.0	0.0	0.0	0.0	1.2541386575699809	0.0	3.672117989364904	4.3894853014949335	0
12373.0	324.6	55.8841651263093	0.0	0.0	0.0	0.0	0.0	0.0	16.481823783117687	0.0	0.0	0.0	0.0	0.0	0.0	0.0	22.181146025878	5.452865064695009	0
12374.0	622.93	54.958020965437534	0.0	3.1785272823591737	0.0	1.5988955420352209	4.09355786364439	0.0	5.080827701346863	0.0	7.724784486218356	0.0	4.141717367922561	2.7290385757629267	5.210858362897918	10.474692180501822	0.0	0.8090796718732443	0
12375.0	188.75000000000003	51.841059602649004	0.0	0.0	0.0	0.0	0.0	0.0	15.443708609271527	0.0	8.423841059602648	11.019867549668872	0.0	0.0	11.019867549668872	0.0	0.0	2.2516556291390724	0
12377.0	546.6	41.931942919868284	6.476399560922066	12.78814489571899	0.9220636663007684	10.592755214050495	0.0	12.875960482985725	4.7749725576289785	0.0	0.0	0.0	1.811196487376509	3.2381997804610325	0.0	0.0	0.0	4.588364434687158	0
12378.0	4008.6200000000013	41.869521181853095	0.9579356486771003	1.57011639915981	1.9009035528436216	4.560172827556613	5.098013780303446	2.701178959342616	12.12013111744191	0.0	0.8626410086264098	2.8648262993249536	0.8786066027710281	9.276758585248782	3.939011430367557	6.514211873412794	1.6215056553128004	3.264465077757432	0
12379.0	387.645	34.19881592694347	2.766706651704524	7.739039585187478	0.0	2.2830166776303065	0.0	0.0	26.48041378064981	0.0	0.0	0.0	0.0	0.0	0.0	3.869519792593739	20.53425169936411	2.1282358859265567	0
12380.0	605.89	49.20818960537391	0.8252323028932645	2.9563947251151204	0.0	0.0	0.0	1.1553252240505705	20.651438379903947	0.0	0.0	7.479080361121657	0.0	8.570862697849446	2.1183713215270097	0.0	6.003565003548499	1.0315403786165804	0
12381.0	491.6033333333333	57.83524657413498	0.0	1.1391297862097491	0.0	3.4716336341630454	5.846176795655032	4.568724106834102	1.9019399109037776	0.0	0.0	0.0	3.4784141686047696	10.3172612065283	2.746116448898502	1.01301184559367	5.4651107600301065	2.2172347624439763	0
12383.0	268.21	67.56273069609635	0.0	1.85488982513702	0.0	2.79631631930204	8.646210059281906	3.7582491331419416	11.166623168412814	0.0	0.0	0.9507475485626934	0.0	0.0	0.4697811416427427	0.0	1.85488982513702	0.9395622832854854	0
12384.0	212.635	50.20810308745033	0.0	0.0	0.0	0.0	12.333341171491053	0.0	12.133468149646108	0.0	3.527170973734334	4.1973334587438575	3.997460436898912	9.405789263291556	4.1973334587438575	0.0	0.0	0.0	0
12386.0	143.0	0.0	0.0	100.0	0.0	0.0	0.0	0.0	0.0	0.0	0.0	0.0	0.0	0.0	0.0	0.0	0.0	0.0	2
12388.0	463.4433333333334	43.43177519006278	0.0	11.912999072162723	0.0	2.697201383844123	3.5603058266742424	7.961059604554312	0.6365395265872131	0.0	0.0	4.3414153474355	1.2479051735918807	10.112707055159564	11.03407104788072	2.347644084497925	0.7163766875489991	0.0	0
12390.0	504.84	65.49797955787973	0.0	0.0	0.0	0.0	1.5450439743285005	1.9966722129783692	10.577608747325886	0.0	0.0	0.0	0.0	0.0	4.456857618255289	0.0	0.0	15.925837889232234	0
12391.0	439.66	50.393485875449215	0.4435245416913069	3.5027066369467312	0.2865850884774599	1.5352772597006783	0.0	4.976572806259382	3.025064822817632	0.0	0.0	2.556520948005277	5.686212072965473	16.091980166492288	1.4556702906791612	0.0	2.852203975799481	7.194195514715916	0
12393.0	395.65	50.86882345507392	1.048906862125616	1.2511057753064576	0.0	13.553645899153295	0.0	4.426260583849362	13.1176544926071	0.0	0.0	0.0	0.0	0.0	0.0	5.686844433211171	5.87640591431821	4.170352584354859	0
12394.0	540.24	65.1525248037909	0.0	0.0	0.0	0.0	18.554716422330817	3.6872501110617497	2.7765437583296317	0.0	0.0	0.0	0.0	0.0	0.0	0.0	0.0	9.828964904486897	0
12395.0	209.016	58.23573314961534	0.0	0.0	0.0	7.894132506602366	7.420484556206225	2.8103111723504424	8.38213342519233	0.0	0.0	0.0	0.0	1.4448654648447967	0.8296015616029396	3.9518505760324567	4.62165575841084	4.409231829142266	0
12397.0	1107.4499999999996	57.35473384802927	0.0	2.9256399837464446	0.6772314777190845	5.2011377488825685	10.625761885412436	1.4253465167727666	4.8828389543545985	0.0	0.0	0.6772314777190845	0.0	6.113142805544269	2.5644498622962666	3.058377353379385	1.6389001760801842	2.8552079100636605	0
12398.0	1435.66	40.104202944986994	0.0	5.600211749299973	0.7313709374085787	4.847944499394007	0.0	4.662663861917166	12.968251535878967	0.0	3.3225136870846863	2.0896312497387965	0.0	0.0	4.608333449423959	10.740704623657413	5.701907136787264	4.6222643244222175	0
12399.0	258.4125	56.52300101581772	0.0	0.0	1.683355100856189	0.0	1.509214918008997	11.303632757703285	13.786097808736029	1.9155420113191115	0.0	0.0	0.0	1.9271513568422576	0.9635756784211288	5.804672761573067	0.9751850239442752	3.6085715667779215	0
12401.0	69.3	21.645021645021643	0.0	0.0	0.0	0.0	36.7965367965368	0.0	15.800865800865802	0.0	0.0	25.75757575757576	0.0	0.0	0.0	0.0	0.0	0.0	1
12402.0	195.6	75.00000000000001	0.0	0.0	0.0	0.0	0.0	5.98159509202454	0.0	0.0	0.0	0.0	0.0	0.0	0.0	9.049079754601227	0.0	9.969325153374234	0
12403.0	391.7	0.0	0.0	0.0	2.5274444728108247	0.0	0.0	0.0	97.4725555271892	0.0	0.0	0.0	0.0	0.0	0.0	0.0	0.0	0.0	1
12405.0	1390.3900000000006	48.79566164888985	0.0	4.3584893447162285	1.2226785290458069	0.0	0.0	11.446428699861185	10.97102251886161	0.0	3.4306921079697053	0.0	0.0	10.941534389631679	0.0	5.135249821992389	3.6982429390314935	0.0	0
12406.0	1640.3750000000002	48.831517183570824	0.0	1.9934466204373995	0.0	1.3716375828697704	4.919606797226243	1.6752267012116129	19.123675988722084	0.0	0.0	3.9503162386649393	0.6071782366836851	3.706469557265869	0.0	1.6459650994437245	3.2425512459041377	8.932408747999695	0
12407.0	301.42400000000004	52.73170019640108	0.0	3.1410902914167416	0.0	0.0	5.134295875577259	14.122963002282503	6.763894049578004	0.0	4.568315728011041	4.968416582621158	1.9905515154732203	0.8360316364987528	0.0	4.747465364403632	0.0	0.9952757577366104	0
12408.0	517.6200000000001	64.65051582241799	0.1112785441057146	2.354623082570225	0.4868436304625015	15.451489509678913	0.3941115103744059	0.8287933232873536	1.7387272516517909	0.0	0.0	0.7534484757157759	0.0	0.5053900544801204	1.2518836211892892	2.5501333024226263	8.922761871643289	0.0	0
12409.0	5533.8600000000015	46.68079785177073	0.0	1.4214309722327632	8.25969576389717	1.143867029523696	7.728782441189332	2.796420581655481	13.65556772307214	0.0	1.2414481031323523	3.059347363323249	1.919094447636912	7.633008424499356	0.8099229109518493	0.0	1.7889863494920362	1.861630037622925	0
12410.0	260.54	34.136792814922856	0.0	0.0	28.97827588853919	13.049819605434868	4.893682352038075	3.3392185460965687	6.102709756659246	0.0	6.102709756659246	0.0	0.0	0.0	0.0	3.396791279649959	0.0	0.0	2
12412.0	380.96	63.974345513089744	0.0	5.0223995520089595	2.4412011759764805	0.0	2.6249475010499785	1.753464930701386	2.8874422511549764	0.0	0.8714825703485928	1.732465350692986	0.0	0.0	1.2599748005039897	8.097963040739183	6.8458630827383455	2.48845023099538	0
12413.0	225.38333333333333	36.02750868890039	0.0	0.0	1.8634918287362268	2.218442653257413	1.153590179693855	11.71337720919914	32.33749907564889	0.0	0.0	2.639946757376322	0.0	2.6177623308437483	0.0	3.9710123493307687	5.457368927013237	0.0	0
12414.0	147.47	50.769648064013026	0.0	0.0	3.933003322709703	0.0	0.0	38.24506679324608	7.052281820031194	0.0	0.0	0.0	0.0	0.0	0.0	0.0	0.0	0.0	1
12415.0	6238.1635000000015	53.29074013529783	4.941582566728171	3.1768805033725056	1.019594949699539	2.677663065419814	6.964581803602933	2.140549858944864	5.847305861733183	0.16735694728103867	0.3462557529952525	1.0212140159519705	0.946913302288406	1.2421123620757937	6.820524983033867	5.818892050520956	1.1925785529667503	2.3852532880871102	0
12417.0	367.92625	39.13216303539093	1.2332634597286822	2.9081915193601984	1.62736417964198	3.3906251592540624	14.802219194743511	2.5803404894323254	4.737702188957706	2.28986107949623	2.709442449403922	2.9367298473539196	1.9372088835738144	1.868580999588912	3.442945427242552	7.170254908422542	2.9115889393594503	4.321518239049267	0
12418.0	668.5799999999998	60.18875826378296	0.0	0.0	0.0	2.6025307367854267	2.243560979987437	14.120972808040928	2.2884321995871857	0.0	0.0	3.715336982859196	0.0	0.0	8.21143318675402	2.9764575667833326	2.0820245894283413	1.5704926859912058	0
12420.0	600.3900000000001	35.501923749562785	0.0	13.324672296340706	0.0	6.695647828911207	13.982577990972528	2.4733922950082445	5.296557237795431	0.0	5.296557237795431	0.0	0.0	3.117973317343726	8.664368160695544	5.646329885574375	0.0	0.0	0
12421.0	159.76000000000005	48.611980470706044	0.0	2.628943415122684	3.9434151226840255	0.0	1.8152228342513768	3.6930395593390086	0.0	0.0	3.802578868302453	0.0	4.3189784677015535	14.285490736104153	5.107661492238356	0.0	0.0	11.792689033550324	0
12422.0	227.8533333333333	53.786061208964824	0.0	19.837322254081574	0.0	0.0	0.0	0.0	7.607232722804143	0.0	0.0	2.8527122710515536	0.0	0.0	5.4567265492422035	0.0	7.870560009362746	2.5893849844929493	0
12423.0	205.91142857142862	51.33344433806491	0.0	8.705546073901399	0.0	0.0	0.4717701092009047	1.727511135162136	13.687577182977419	0.0	4.474878241685051	4.162677434125629	2.0813387170628146	0.6993298089331057	0.0	2.608611192052061	8.469661019300947	1.5776547475336138	0
12424.0	880.4800000000001	44.108895148101034	0.0	0.0	0.0	1.4310376158459022	17.376885335271663	7.5896102126113005	0.8432900236234779	0.0	0.0	0.5621933490823185	4.02734871888061	4.349900054515718	0.8518081046701798	18.859031437397782	0.0	0.0	0
12425.0	777.1999999999998	51.70355120946992	0.0	2.238805970149253	2.4395265054040145	0.0	2.5476067936181166	1.910705095213588	12.950334534225426	0.0	0.0	0.0	17.627380339680904	0.0	0.0	0.0	6.459083890890378	2.1230056613484307	0
12426.0	510.72999999999985	56.63070506921467	0.0	10.866798504101975	6.87251581070233	3.4656276310379277	2.9369725686762087	0.0	0.0	0.0	0.0	10.808059052728451	0.0	0.0	0.0	0.0	7.929825935425764	0.4894954281127015	0
12427.0	194.91	82.3764814529783	0.0	0.0	0.0	0.0	3.8479298137601967	9.542865938125287	0.0	0.0	0.0	0.0	0.0	0.0	0.0	4.232722795136216	0.0	0.0	0
12428.0	795.7499999999999	44.090166509582154	0.0	3.773798303487277	3.6456173421300666	10.424128180961358	3.0524662268300347	2.2375117813383603	15.097078228086716	0.0	0.0	1.8300345585925233	0.0	2.342130065975496	2.4341815896952563	1.2134778510838833	5.4783223374175325	4.381087024819354	0
12429.0	750.3000000000002	30.31143098316229	0.0	3.4626149540183926	8.41263494602159	31.3208050113288	4.082811319916478	2.638944422231108	0.586432093829135	0.0	0.6006486294371141	4.035719045715047	1.332800213248034	4.147674263627882	0.0	1.3461282153805143	5.584432893509263	2.136923008574348	2
12430.0	216.4	71.66358595194086	0.0	0.0	0.0	0.0	0.0	4.602587800369687	0.0	0.0	0.0	0.0	0.0	23.733826247689468	0.0	0.0	0.0	0.0	0
12431.0	430.37076923076927	58.941306422726726	1.061696354842515	0.5308481774212576	1.544285607043658	10.745654015678788	6.5721506679392725	1.9266035368430081	6.263829756810764	0.0	0.7292459811039497	3.269274078522633	0.7104786212961274	2.401149634840799	1.6640392362935712	0.3324503737385653	1.476365638215349	1.8306218966830032	0
12432.0	1089.8300000000004	47.77006505601789	0.0	3.881339291449125	4.954901223126542	3.915748327720837	1.1699072332382112	1.570657809016085	14.725691162841912	0.0	0.5638494077057888	2.780250130754337	0.0	3.440903627171209	1.4919758127414364	3.096813264454089	8.972041511061358	1.665856142701155	0
12433.0	1917.7500000000007	42.38060226828314	1.3625342197888148	9.883457176378569	13.648702907052536	5.629722330856472	1.7374527441011598	1.1880589232173118	6.276104810324598	0.0	0.41548689870942496	7.087993742667187	0.0	0.3295528614261504	2.875974449224351	5.369730152522487	0.0	1.81462651544779	0
12434.0	396.46999999999986	36.859030948117145	3.8401392286932183	0.0	0.0	19.82495522990391	0.9836809846898886	1.6747799329079125	9.231467702474335	0.0	4.6006002976265545	0.0	0.0	2.4970363457512548	9.841854364769091	0.0	8.739627210129392	1.9068277549373225	0
12435.0	3914.945	61.68911696077466	0.0	1.7241621529804378	3.5172907920800935	17.04621648579993	0.0	0.0	0.0	0.0	0.0	5.793184834014271	0.0	3.6475608214163935	0.0	6.084376664295411	0.4980912886387932	0.0	0
12436.0	429.0100000000001	65.37143656325027	3.07685135544626	0.0	0.0	0.0	0.0	12.30740542178504	0.0	0.0	0.0	0.0	3.07685135544626	0.0	16.167455304072163	0.0	0.0	0.0	0
12437.0	247.0783333333333	35.80286054130382	0.0	2.115838206956409	0.1133243843045728	0.0	21.585821860363673	8.767349985722026	17.385399592122162	0.0	1.0037302609833592	0.6812954056405864	5.02989380335971	2.367670172077682	0.5059124299311286	2.064122714119004	0.9875410632255632	1.5892395798903187	1
12438.0	1233.425	55.47844416969009	0.0	1.8404037537750573	0.5107728479640027	3.717291282404686	4.003080852098831	1.6259602326854088	6.640047023532035	0.0	0.0	1.8606725175831529	0.0	0.0	5.804973954638506	12.672031132821212	1.7090621642985997	4.1372600685084215	0
12442.0	144.06	53.47771761765932	0.0	0.0	0.0	0.0	5.414410662224075	0.0	27.321949187838406	0.0	0.0	0.0	0.0	0.0	0.0	0.0	0.0	13.785922532278216	0
12444.0	821.064	44.96239026433993	0.5943507448871223	2.9814971792698253	6.817982520242027	2.6745783519920496	12.230471680648526	0.0	0.0	0.0	1.7742831253105729	17.93672600430661	2.52647783851198	1.8853585104206252	1.753821870158721	3.178802139662682	0.2484580982724855	0.4348016719768496	2
12445.0	77.4	22.48062015503876	0.0	77.51937984496124	0.0	0.0	0.0	0.0	0.0	0.0	0.0	0.0	0.0	0.0	0.0	0.0	0.0	0.0	2
12446.0	1002.3099999999997	46.984465883808404	2.2448144785545394	5.028384431962169	0.0	6.2256188205245895	7.895760792569167	3.457014296973991	11.139268290249523	0.0	1.1673035288483604	4.513573644880328	0.0	0.0	3.721403557781525	7.6223922738474155	0.0	0.0	0
12447.0	431.49	45.70210201858676	5.4230689007856485	13.870541611624837	0.0	0.0	7.8425919488284785	0.0	16.385084242972027	0.0	3.68490579155948	0.0	0.0	0.0	0.0	0.0	7.091705485642773	0.0	0
12448.0	365.45000000000016	75.50417293747435	4.104528663291831	0.0	0.0	8.209057326583661	2.5283896565877684	0.0	8.373238473115336	0.0	0.0	1.280612942947051	0.0	0.0	0.0	0.0	0.0	0.0	0
12449.0	899.0725	49.9734448556707	0.0	1.6850698914714888	7.110105136126396	21.777998993407092	0.5505673902827637	0.14014442661743073	7.783020835360885	0.0	0.5722564086878421	1.6700544171910494	0.0	0.0	3.8656504341974647	3.4758042315831035	0.14014442661743073	1.2557385527863436	0
12450.0	98.94	0.0	0.0	5.033353547604609	0.0	0.0	0.0	0.0	15.160703456640391	0.0	0.0	30.382049727107333	7.731958762886598	0.0	0.0	0.0	0.0	41.69193450576107	0
12451.0	1778.7039999999995	57.35603000836564	0.0	2.288182856731644	2.61201414063273	1.241353254954169	1.0362601084834802	2.4604431091401384	12.475262888035335	0.17203536957245275	0.1146902463816352	3.0127553544603267	0.29999370328059083	3.0435643029981385	1.536624418677869	2.367116732182533	7.260117478793548	2.7235560273097716	0
12452.0	348.57000000000005	43.35714490633158	0.0	0.0	0.0	0.0	0.0	0.0	8.061508448805117	0.0	0.0	17.557449005938548	8.606592649969876	9.180365493301199	5.077889663482226	0.0	0.0	8.159049832171442	0
12453.0	707.0899999999998	47.59507276301462	0.0	4.582160686758406	1.4001046542872904	0.0	2.8002093085745807	2.100156981430936	12.73529536551217	2.8002093085745803	0.0	2.1637981020803574	0.0	9.44009956299764	0.0	2.121370688314076	3.3517656875362403	8.90975689091912	0
12455.0	467.97199999999987	24.634807210687818	0.0	4.328464096142505	0.534219996068141	0.0	6.8747702854016906	3.0514646175412214	10.432248083218656	2.5642559811270766	12.075936167121116	0.5085774362568701	0.0	30.16163360201037	0.0	0.0	1.645397587889874	3.1882249365346653	2
12456.0	851.2966666666667	27.69813891749449	0.4542090693021234	7.975284761677284	0.2631280125612301	5.44815947437047	18.322637231830658	0.6813136039531851	3.5639749558516605	1.6915372236079074	3.1050671720395155	7.741132155261191	2.403000912333734	5.925078997137699	0.2271045346510617	2.8544690648383444	10.541566003234283	1.104197909855162	0
12457.0	403.9875	54.21764287261365	0.0	2.475324112751013	0.6312076487515085	1.0520127479191808	4.307063956186764	2.4505708716235035	5.451901358334106	0.0	0.0	13.097558711593802	0.0	0.0	1.5712119805687061	0.9282465422816302	11.801107707540455	2.0161514898357007	0
12458.0	393.7000000000001	50.08890017780034	0.0	2.0066040132080265	1.6002032004064008	1.90500381000762	0.0	3.806197612395224	8.553467106934212	0.0	0.0	0.0	6.3322326644653275	11.717043434086866	0.0	0.0	13.990347980695958	0.0	0
12461.0	626.8800000000001	53.909839203675325	0.0	4.7856049004594166	2.1567126084737107	23.210183767228173	0.0	0.0	0.0	0.7274119448698315	2.1567126084737107	5.867151607963246	0.0	1.6271056661562016	0.0	5.559277692700356	0.0	0.0	0
12462.0	468.795	33.46025448223638	0.0	6.369521859234847	0.0	1.5998464147441849	29.44997280261095	0.0	3.814033852750136	0.0	4.383579176399066	3.4663338986123997	6.655361085335809	6.30552800264508	1.8494224554442775	1.5838479505967433	1.0622980193901386	0.0	1
12463.0	293.8950000000001	56.42321237176543	0.0	3.7139114309532313	1.4750165875567802	0.4287245444801714	8.94877422208612	1.3014852243148058	0.0	1.6842749961721017	0.0	5.229758927508123	2.5519318123819734	4.615594004661529	1.2759659061909865	3.0367988567345483	4.329777641674746	4.9847734735194535	0
12464.0	119.63125	92.00668721592392	0.0	0.0	0.0	0.0	0.0	0.0	0.0	0.0	0.0	7.993312784076066	0.0	0.0	0.0	0.0	0.0	0.0	0
12465.0	341.095	46.752371040326004	0.0	0.0	0.0	2.5945850862662896	0.0	8.223515442911799	12.320614491563935	0.0	1.4951846259839632	0.0	0.0	18.5432210967619	1.4951846259839632	2.5945850862662896	5.980738503935852	0.0	0
12468.0	326.02	63.89178578001351	0.0	2.6685479418440585	0.0	2.5305196000245385	0.0	3.788111158824612	10.812220109195756	3.0366235200294467	0.0	0.0	0.0	0.0	0.0	8.481074780688303	1.3036010060732472	3.4875161033065463	0
12471.0	569.6875	32.096032181385986	1.2357652221612727	2.967708904735783	0.0	3.83763027975864	33.63576522216127	0.9344304260376668	1.199122325836533	1.7202413603949531	0.0	4.987968550009142	1.833827025050283	2.695191076979338	1.1836898884622415	5.969500822819527	5.290619857377949	0.4125068568294021	1
12472.0	732.4233333333333	52.33812867785935	0.0	2.4908181516154144	0.5256522867012248	3.1311582099605437	8.599989987575492	0.30037273525784275	3.8343034765868564	3.1300204344482023	0.3618126129242197	5.707081969899013	0.4778657151829317	0.6826653074041881	2.3267509227359406	5.628575459547531	5.322513846727986	5.142290205573281	0
12473.0	848.4233333333333	46.307071548401545	0.0	1.970714305358567	0.6459039708950327	2.8602073650339648	0.0	3.7559865947424047	5.065474389750398	0.0	3.1226549639134547	5.041115480872364	0.0	3.3615294251690395	3.4102472429251116	6.741917360437203	13.830359843945827	3.886817508555084	0
12474.0	363.92666666666656	60.85994125800681	0.04396490135375259	2.417764262641436	0.2628734726776457	1.0679807287182403	2.6055310288397537	2.8189439874944284	8.636049997862816	0.0	0.0	2.642473758449505	1.0067657098194391	2.907026446109412	2.545384601293301	3.2483650552309085	4.757368700653981	4.179566090848585	0
12475.0	669.38	57.40834802354418	0.0	2.2408796199468166	0.0	0.0	0.0	2.2184708237473485	21.34811317936001	0.0	0.0	0.0	2.577011562938839	2.016791657952135	3.4957722071170334	2.2408796199468166	0.0	6.453733305446832	0
12476.0	575.568	50.97312567759153	4.479922441831374	1.2665749311983991	2.9313651905595863	4.471582853807023	5.326911850554582	0.0	3.6127790287159818	1.907680760570428	3.565000138993134	6.142801545603647	1.20524421093598	1.2353014761070804	2.99460706641092	5.2454271258999805	3.3462596947710788	1.2954160064492821	0
12477.0	2187.41	64.84144871484236	0.1348626914935929	0.7131721990847624	6.892321665043744	7.211725282411621	1.4564408745197897	0.17143562477999094	5.457976937717818	0.1782930497711906	0.19048402753332327	4.993500684980564	0.0	3.9472100185455257	0.2357430324752409	0.4754481327231749	2.9742176059053103	0.12571945817199334	0
12478.0	545.99	53.24639645414752	0.0	0.0	0.0	2.747303064158684	0.0	5.439660067034196	13.242000769244859	0.0	0.0	0.0	0.0	8.51663949889192	0.0	5.549552189600542	5.74186340409165	5.516584552830636	0
12479.0	473.2	68.8588334742181	0.0	0.0	0.0	0.0	6.415891800507184	0.0	13.398140321217245	4.945054945054945	0.0	0.0	6.3820794590025365	0.0	0.0	0.0	0.0	0.0	0
12480.0	721.4075000000001	51.641062783516944	0.0	2.1000613384252307	1.0500306692126156	2.0896649951657	6.1560213887435316	1.0344361543233194	7.837110093809668	0.6861586551290357	1.6218295484868117	1.6779698020882785	1.1193396242761544	0.0	3.984225281827538	0.5198171629765422	10.318024140309047	8.164248361709571	0
12481.0	541.6274999999998	48.35057304143531	0.0	3.616876912638298	3.041758404069218	5.4523173214063165	4.332313259574153	0.6492007883646973	4.11883628508523	0.9969951673428694	3.346395816312872	3.168229087334007	1.6281946540749874	0.5769647959160125	4.095988479166956	3.6141074816179017	7.740559702009223	5.270688803651956	0
12483.0	238.8725	55.64370113763618	0.0	3.1711477880459236	0.0	2.6373902395629467	0.0	1.7184899894295071	11.925818166595151	0.0	0.0	11.868256078033259	0.0	10.4919988696899	0.0	0.0	1.7268626568566914	0.8163350741504359	0
12484.0	975.705	47.25557417457121	0.6046909670443423	4.249491393402719	0.16142174120251515	1.2145064338093994	4.714539743057585	5.114250721273337	8.16845255481934	0.0	0.3497471059387828	1.033867818654204	3.3770453159510296	4.595651349537002	3.502851784094577	5.298732711219068	4.721970267652622	5.637205917772278	0
12488.0	414.88666666666666	43.660116015618726	8.062442755451286	3.0610769206048243	3.0369739527260466	0.0	0.7423714106663668	1.193096909999518	14.951874407468708	0.0	2.5549145951504832	0.0	0.0	9.601015538379961	5.640094483634084	0.0	2.4585027236353705	5.037520286664632	0
12489.0	298.93	45.144348175158065	0.0	0.0	0.0	6.723982203191383	0.0	8.33974509082394	26.243602181112628	0.0	0.0	10.236510219783897	3.311812129930084	0.0	0.0	0.0	0.0	0.0	0
12490.0	485.99300000000005	43.432724339650974	2.0802768764159154	1.4773875343883551	0.0	0.6172928416664437	2.259291800499184	0.4806653593776041	23.65980579967201	0.0	0.0	0.7234672104330719	1.1646258279440236	0.790134837333048	5.483618076803576	2.469171366665775	14.159874730705994	1.2016633984440104	0
12491.0	424.40000000000015	67.94297832233741	0.0	2.35626767200754	0.0	0.0	2.35626767200754	0.0	11.628180961357208	0.0	0.0	0.0	0.0	9.389726672950042	0.0	6.326578699340242	0.0	0.0	0
12492.0	113.605	49.531270630694074	0.0	0.0	0.0	0.0	0.0	0.0	11.531182606399367	0.0	0.0	0.0	0.0	0.0	11.22309757493068	0.0	17.706086879978873	10.008362307997007	0
12493.0	181.395	32.225254279335154	0.0	8.186554204911934	0.0	0.0	0.0	0.0	9.096171338791036	0.0	8.2361696849417	0.0	0.0	0.0	0.0	0.0	28.611593483833627	13.644257008186553	0
12494.0	192.92	25.589881816296906	1.3684428778768403	4.372797014306448	22.21231598590089	0.0	7.764876632801161	6.39643375492432	13.560024880779595	0.0	0.0	0.9703504043126684	0.0	6.738544474393531	1.03255235330707	0.0	5.691478332987767	4.302301472112792	2
12497.0	953.1	5.508341202392193	0.0	0.0	0.0	0.0	0.0	0.0	28.07680201447907	0.0	0.0	0.0	0.0	0.0	0.0	37.77148253068933	0.0	28.643374252439408	0
12498.0	116.56666666666666	55.20446096654275	0.0	0.0	0.0	0.0	0.0	0.0	8.492993994852732	0.0	0.0	0.0	0.0	12.224764083500144	0.0	0.0	21.647126108092646	2.4306548470117244	0
12500.0	404.49199999999996	45.81301978778318	0.0	1.3201744410272638	1.7503436409125523	28.65668542270304	0.22843467855977376	0.0	0.955519515837149	0.0	0.30902959761874155	1.3288272697605883	0.0	19.637965645797692	0.0	0.0	0.0	0.0	2
12501.0	2025.3899999999994	43.83649568725037	0.0	4.7398278849999285	1.244204819812481	2.118110586109343	7.232187381195723	5.176780768148358	15.942114851954447	0.0	0.0	3.8748092959874416	0.8739057662968619	1.85544512414893	0.0	2.9599237677681836	2.7476189770858963	7.398575089242076	0
12502.0	599.1740000000002	36.258248855924975	0.0	3.3946733336226202	0.330454926281848	6.852767309662968	24.105518597268897	0.0	5.500906247600863	0.0	2.2831431270382225	9.009069151865734	4.4961897545621134	0.5908133530493647	0.42391692563428973	3.1793769422571736	2.4734050542914074	1.1015164209394932	1
12504.0	46.325	0.0	0.0	0.0	0.0	0.0	35.24015110631408	0.0	64.7598488936859	0.0	0.0	0.0	0.0	0.0	0.0	0.0	0.0	0.0	1
12506.0	73.50000000000003	79.04761904761905	0.0	5.782312925170066	0.0	0.0	0.0	4.6258503401360525	0.0	0.0	0.0	5.374149659863943	0.0	1.700680272108843	0.0	3.46938775510204	0.0	0.0	0
12507.0	352.55	62.63319623694039	0.0	13.387226398146836	0.0	0.0	2.411005531130336	8.713657637214578	2.8081123244929804	0.0	1.9061126081406887	0.0	6.722450716210465	1.418238547723727	0.0	0.0	0.0	0.0	0
12508.0	198.94	42.839549612948616	6.7733990147783265	9.63607117723937	0.5956569820046246	7.854126872423847	0.0	0.0	17.065446868402535	0.0	0.4900975168392481	0.0	0.0	7.921986528601588	0.7414295767568112	5.340806273248216	0.0	0.7414295767568112	0
12509.0	158.5	5.3627760252365935	0.0	0.0	0.0	0.0	0.0	62.46056782334385	5.3627760252365935	0.0	0.0	0.0	0.0	0.0	0.0	21.45110410094637	0.0	5.3627760252365935	1
12510.0	407.285	27.873602023153314	0.0	2.504388818640509	0.0	23.659108486686225	0.0	1.436340645984998	13.25852903986152	0.0	9.354628822568962	0.0	0.0	5.2543059528340095	1.8414623666474332	5.524387099942301	0.0	9.293246743680717	0
12512.0	66.09000000000002	33.43924950824632	0.0	0.0	9.993947647147829	0.0	0.0	7.48978665456196	21.97760629444696	0.0	0.0	8.78347707671357	0.0	14.230594643667724	1.891360266303525	2.193977908912089	0.0	0.0	2
12513.0	532.7900000000002	54.88841757540494	0.0	3.2658270613187184	0.0	0.0	10.557630586159648	2.81536815630924	17.868203232042642	0.0	0.0	0.0	0.0	0.0	0.0	0.0	0.0	10.604553388764804	0
12514.0	1017.6800000000003	71.9066897256505	4.775567958493828	0.0	0.0	0.0	0.0	0.0	6.416555302256111	0.0	1.5623771716060058	3.0068390849775954	0.0	0.0	0.0	8.254068076409089	1.6213348007232131	2.4565678798836568	0
12516.0	593.03	40.95914203328669	0.0	0.0	0.0	8.741547645144427	0.0	0.0	35.30175539180143	0.0	0.0	3.50741109218758	0.0	0.7992850277389003	10.033219230055817	0.0	0.0	0.6576395797851712	0
12517.0	565.9125000000001	45.621452079605945	0.38654385616150894	3.134318467961036	1.6544077043712586	1.404810814392684	4.83908731473505	4.037284915954321	13.992445828639582	0.21867338148565366	0.0	1.1583062752634017	0.8746935259426145	8.06926865902414	2.4562101031519883	5.808318423784593	3.9224261701234733	2.4217524794027336	0
12518.0	368.17800000000005	67.3766493380919	2.172862039556953	2.172862039556953	0.0	5.573391131463585	3.6362846231985615	0.0	5.747220094628142	0.0	0.0	0.0	0.0	1.3689030849208808	3.7644834835324215	0.0	4.85634665840979	3.3309975066408093	0
12519.0	276.84	56.54529692241005	0.0	0.0	0.0	0.0	0.0	6.3935847420892955	17.627510475364836	0.0	0.0	0.0	0.0	19.43360786013582	0.0	0.0	0.0	0.0	0
12520.0	469.2520000000002	40.09316955495126	1.6622198733303208	3.5597077902704712	0.5370248821528729	3.41394389368612	9.772148014286564	4.141484745936084	10.62115878035682	0.0	0.0	6.567047130326558	0.0	3.2332307587394387	1.5595032093629857	7.7378466154646075	4.932957131775675	2.1685576193601723	0
12521.0	545.6800000000002	42.50109954552118	0.0	11.000952939451695	0.0	2.7488638029614423	0.0	0.0	0.0	0.0	2.913795631139129	8.164125494795481	2.2870546840639197	10.99545521184577	2.492303181351708	0.0	16.896349508869665	0.0	0
12522.0	78.36	41.40505359877489	0.0	0.0	0.0	0.0	0.0	0.0	15.313935681470134	0.0	9.073506891271057	0.0	0.0	34.20750382848392	0.0	0.0	0.0	0.0	2
12523.0	154.52454545454546	38.17751813480647	0.6824452720073891	7.227448419492048	0.0	7.4215923330803575	12.035157697806175	1.4666690199262251	11.95044035369491	0.0	0.0	2.3356101119563237	1.000135312424622	5.1130447060484645	3.023938532860328	4.906546179777264	1.4825535219470871	3.1769004041723288	0
12524.0	493.215	56.051873929219525	2.836491185385684	2.891234046004278	0.6386667072169339	0.0	5.193475462019606	0.0	12.572356882900968	0.2585079529211398	0.3801587542957939	1.4081080259116208	0.9625619658769504	1.31686992488063	0.0	1.5687884593939758	12.055087537889154	1.8658191660837569	0
12526.0	390.88666666666666	65.96967577985095	1.9954633056469908	2.1745433458973618	0.0	2.128494192690124	0.0	2.391997680487098	8.421025702249588	1.9954633056469908	1.3558917333242375	0.0	0.0	2.7373663295413846	5.026179796360411	0.0	3.18080261968516	2.62309620861972	0
12527.0	110.23666666666668	55.63182244262345	0.0	0.0	0.0	0.0	4.490338967675607	9.34353360950682	14.21184723776118	0.0	0.0	0.0	10.280910767742132	0.0	0.0	4.5175531432372775	0.0	1.5239938314535393	0
12528.0	273.205	35.833897622664296	0.0	0.0	0.0	1.8301275598909248	25.732813577106327	5.720368709699067	14.911879357991252	0.0	1.400047583316557	0.0	4.435009120135673	0.0	0.0	6.10957583743587	0.0	4.026280631760034	1
12530.0	365.4075	45.38015776906604	0.0	0.0	0.0	0.0	0.5336507871349111	3.3743149771145915	23.631151522615166	1.6009523614047327	2.1756532090884835	0.0	0.0	1.247921840684715	2.8461375313861916	3.413996702311802	15.106422281972867	0.6896410172205003	0
12531.0	125.22	42.5411276153969	0.0	1.9964861843156043	0.0	2.9947292764734064	0.0	8.18559335569398	23.917904488100945	0.0	0.0	0.0	8.385241974125536	11.978917105893625	0.0	0.0	0.0	0.0	0
12532.0	313.83	22.273205238504925	0.0	0.0	0.0	11.27999235254756	0.0	0.0	0.0	0.0	0.0	0.0	14.338973329509606	16.269955071216902	13.526431507504064	14.28161743619157	8.029825064525381	0.0	2
12534.0	981.18	34.668460425202305	0.0	6.757169938237631	0.0	9.294930593774842	2.017978352595854	0.0	17.779612303552867	2.0179783525958537	2.172893862492101	4.958315497666074	1.5593469088240688	6.043743247925966	1.38608614117695	3.0575429584785665	3.393872683911209	4.892068733565706	0
12535.0	358.17500000000007	24.143226076638513	4.048300411809869	3.5597124310741948	0.0	11.139805960773364	0.0	8.292036015914007	23.53598101486703	9.99511412019264	0.0	0.0	0.0	2.847769944859356	0.0	2.073009003978502	10.365045019892511	0.0	0
12536.0	4279.710000000005	42.9737061623334	2.9544057891773017	4.018730241067732	3.0002032848020046	3.245547011362917	5.982648357014838	1.6218388629136071	13.552787455224758	0.0	0.31590925553366905	4.747985260683547	1.4019641517766381	1.8403116098988	4.5297461743903185	4.0885947879646025	4.321320837159523	1.4043007586962657	0
12538.0	363.95	44.80010990520675	5.3578788295095485	7.006456930897101	0.0	7.583459266382746	10.935568072537437	0.0	12.611622475614778	0.0	0.0	0.0	0.0	0.0	4.7808764940239055	0.0	6.924028025827725	0.0	0
12539.0	1392.0875	38.02796160442501	2.7261217416290284	5.5574811209783865	4.4070505625544385	2.4890676771395484	17.262205141558994	2.6345326712580928	6.840087278996473	1.2606966156940564	0.0	2.4441710740165408	0.0	0.9352860362584968	1.3020014905672241	3.3794571102750366	7.073908788061094	3.6599710865875887	0
12540.0	676.6549999999999	41.35305288514827	0.0	1.4098765249647165	5.477495917417297	5.0533506735337825	4.642783249957513	1.5083388137233895	6.993778217851049	1.9286046803762633	6.707812696278016	4.978534112657116	1.3924193274268275	3.8863970561068792	2.797215715541894	5.8578596182692815	2.767289091191228	3.245191419556495	0
12541.0	280.39333333333326	43.026462826030105	0.0	13.160084643001499	0.0	0.0	4.141800803632993	5.403124182695738	20.66145177013244	0.0	0.0	0.0	1.4978958130245612	0.0	9.61268693977508	0.0	0.0	2.4964930217076016	0
12544.0	299.7	62.422422422422436	0.0	2.83616950283617	0.0	0.0	0.0	0.0	0.0	7.807807807807808	15.12178845512179	0.0	0.0	0.0	11.811811811811815	0.0	0.0	0.0	0
12545.0	416.195	45.05700452912696	0.0	4.336909381419766	1.2253871382404882	1.2253871382404882	11.665205012073667	8.361465178582153	11.785341006018815	2.3786926801138892	0.0	1.5137135237088386	4.853494155383895	4.10865099292399	0.0	1.6867093549898486	0.0	1.8020399091771884	0
12546.0	510.75	50.81546744982869	0.0	0.0	3.7004405286343616	2.4434654919236416	0.0	7.283406754772392	10.288790993636807	0.0	0.0	0.0	0.0	9.133627019089577	3.7063142437591776	2.9662261380323054	5.198237885462555	4.4640234948605	0
12547.0	75.9	39.52569169960474	0.0	0.0	0.0	0.0	26.87747035573122	0.0	13.43873517786561	0.0	0.0	0.0	0.0	0.0	0.0	20.158102766798415	0.0	0.0	1
12548.0	67.19999999999999	74.10714285714286	0.0	0.0	0.0	0.0	0.0	25.892857142857146	0.0	0.0	0.0	0.0	0.0	0.0	0.0	0.0	0.0	0.0	0
12550.0	824.8299999999994	49.77025568905111	0.0	7.019628287040971	4.910102687826586	0.6110350011517529	1.1202308354448804	5.315034613193026	4.164494501897364	2.836948219633139	0.0	7.059636531164003	0.0	1.51546379253907	3.794721336517832	0.0	3.1388286071069214	8.743619897433417	0
12552.0	317.81999999999994	63.57372097413632	0.0	0.0	3.1307029135988933	0.0	0.0	0.0	14.158957900698512	0.0	4.2539802403876426	0.0	5.348939651374994	0.0	0.0	0.0	6.229941476307345	3.30375684349632	0
12553.0	323.8540000000001	54.619365516559924	0.5465425778282806	0.38597639677138457	1.9453210397277785	0.0	1.7229986351874609	3.6961099754827784	19.119726790467308	0.0	0.9541336528188624	1.6535228837686118	0.4631716761256615	1.1511360057309774	0.8522358840712171	1.5469933982597095	9.746367190153588	1.5963983770464467	0
12556.0	299.7799999999998	38.13463206351327	0.0	8.531256254586701	5.377276669557678	0.4169724464607381	3.6860364267129246	0.0	1.8263393154980327	0.0	1.1491760624457945	10.274201080792588	4.036293281739944	16.402028153979593	0.5504036293281742	4.776836346654215	1.159183401160852	3.6793648675695527	2
12557.0	2842.74	2.0007105820440843	0.0	0.0	0.0	0.0	1.905204134039694	30.05128854555816	57.666195290459214	0.0	0.0	0.0	0.0	0.0	0.0	0.0	5.738301779269299	2.638299668629562	1
12559.0	250.105	37.806121428999816	3.5385138241938394	0.0	0.0	3.1586733571899805	0.0	0.0	0.0	0.0	0.0	1.7392695068071409	0.0	0.0	0.0	2.0991183702844807	51.65830351252474	0.0	0
12560.0	947.155	48.783462052145644	0.0	3.096114152382662	6.8098674451383365	12.954585046798046	3.8510064350607873	0.3505234095792135	5.8543744160142746	0.0	0.0	3.300410175736811	0.0	0.0	4.299190734357102	1.0452354683235583	9.655230664463575	0.0	0
12561.0	238.85	62.989323843416365	0.0	0.0	15.155955620682438	0.0	0.0	0.0	4.270462633451959	0.0	0.0	0.0	0.0	0.0	0.0	0.0	4.396064475612309	13.188193426836927	0
12562.0	483.67714285714277	44.895945937963354	0.451895302060997	0.0	0.0	4.212373070584274	0.2953564065758151	0.14885962891421078	10.942659507227374	0.0	0.0	1.5063176735366568	5.661982314058375	1.3291038295911677	8.69972295569063	7.196063489813158	9.011323964628119	5.648395919355887	0
12564.0	402.90000000000015	48.845867460908394	10.014892032762466	0.0	0.0	0.0	0.0	0.0	37.043931496649286	0.0	0.0	0.0	0.0	0.0	0.0	0.0	0.0	4.095309009679821	0
12565.0	131.17000000000002	53.65556148509568	0.0	13.265228329648545	0.0	0.0	0.0	0.0	0.0	0.0	0.0	33.07921018525577	0.0	0.0	0.0	0.0	0.0	0.0	2
12566.0	292.7000000000001	52.83566791937137	0.0	0.0	0.0	0.0	0.0	5.0734540485138355	4.270584215920737	0.0	0.0	10.413392552101127	10.249402118209767	6.3956269217628945	3.5872907413734194	0.0	0.0	7.174581482746838	0
12567.0	824.5699999999997	42.65920419127547	1.7991195410941467	3.4684744776065117	0.3001564451774865	5.707520283299178	3.1061644250942924	2.0298458590538107	9.223443734310006	0.3001564451774865	2.1171640976508983	3.5313860557623986	2.746886255866695	4.185211686090935	2.3322762166947633	3.7283068750985375	11.864214075214965	0.9004693355324598	0
12569.0	97.7809375	55.65565885477422	0.0	1.2623881827682415	2.421867759244996	2.531168204436576	17.00804412925577	3.7008747231534778	8.271359128664523	0.0	1.5915678861229985	2.0594504936097597	0.4218613674060959	1.1543661053566805	0.0	1.898376153327432	0.4985634342072043	1.5244535776720285	0
